v1,v2,v3,v4,v5,v6,v7
0.110,0.145,0.110,0.765,0.125,0.165,0.105
0.030,0.035,0.070,0.245,0.010,0.015,0.005
0.020,0.020,0.070,0.175,0.005,0.005,0.000
0.050,0.060,0.045,0.280,0.025,0.000,0.010
0.025,0.020,0.070,0.255,0.005,0.000,0.000
0.145,0.115,0.170,0.410,0.140,0.110,0.110
0.035,0.005,0.095,0.250,0.005,0.015,0.000
0.130,0.115,0.210,0.370,0.120,0.105,0.095
0.070,0.055,0.115,0.460,0.005,0.025,0.015
0.120,0.160,0.140,0.330,0.125,0.120,0.110
0.115,0.055,0.105,0.385,0.045,0.025,0.020
0.030,0.020,0.120,0.190,0.005,0.000,0.000
0.015,0.015,0.100,0.200,0.000,0.010,0.000
0.095,0.015,0.095,0.235,0.030,0.015,0.010
0.045,0.010,0.075,0.240,0.000,0.000,0.000
0.045,0.010,0.120,0.240,0.000,0.005,0.020
0.100,0.055,0.145,0.420,0.040,0.005,0.015
0.020,0.020,0.135,0.305,0.010,0.005,0.000
0.130,0.110,0.120,0.415,0.140,0.120,0.210
0.090,0.120,0.120,0.220,0.140,0.110,0.100
0.025,0.010,0.080,0.205,0.000,0.005,0.005
0.025,0.010,0.105,0.295,0.020,0.000,0.005
0.110,0.090,0.175,0.230,0.130,0.095,0.105
0.030,0.035,0.070,0.245,0.010,0.015,0.005
0.055,0.030,0.200,0.230,0.010,0.060,0.000
0.095,0.040,0.190,0.320,0.025,0.015,0.010
0.030,0.025,0.095,0.225,0.005,0.015,0.005
0.115,0.095,0.165,0.265,0.125,0.115,0.110
0.195,0.090,0.140,0.265,0.145,0.110,0.110
0.030,0.020,0.185,0.210,0.010,0.005,0.000
0.050,0.005,0.090,0.175,0.010,0.000,0.000
0.110,0.100,0.110,0.275,0.145,0.105,0.105
0.130,0.145,0.225,0.415,0.150,0.110,0.110
0.020,0.010,0.080,0.215,0.000,0.000,0.005
0.030,0.035,0.070,0.245,0.010,0.015,0.005
0.010,0.005,0.095,0.150,0.000,0.015,0.000
0.115,0.085,0.095,0.340,0.130,0.110,0.100
0.035,0.065,0.055,0.200,0.005,0.010,0.000
0.030,0.035,0.070,0.245,0.010,0.015,0.005
0.020,0.055,0.075,0.775,0.005,0.125,0.000
0.025,0.005,0.125,0.200,0.010,0.015,0.025
0.050,0.015,0.185,0.225,0.005,0.010,0.005
0.030,0.035,0.070,0.245,0.010,0.015,0.005
0.030,0.030,0.070,0.220,0.005,0.020,0.005
0.010,0.005,0.030,0.240,0.005,0.000,0.000
0.020,0.005,0.060,0.190,0.010,0.000,0.000
0.020,0.010,0.075,0.185,0.000,0.015,0.000
0.165,0.110,0.160,0.350,0.150,0.110,0.105
0.105,0.100,0.110,0.240,0.145,0.105,0.095
0.015,0.030,0.125,0.255,0.010,0.000,0.000
0.035,0.035,0.075,0.240,0.015,0.015,0.010
0.110,0.105,0.120,0.225,0.135,0.110,0.105
0.025,0.010,0.065,0.170,0.000,0.000,0.000
0.030,0.035,0.070,0.245,0.010,0.015,0.005
0.105,0.115,0.125,0.250,0.150,0.110,0.110
0.145,0.090,0.135,0.295,0.140,0.110,0.110
0.195,0.050,0.190,0.390,0.040,0.060,0.020
0.020,0.010,0.075,0.185,0.000,0.000,0.000
0.020,0.035,0.075,0.280,0.015,0.010,0.005
0.120,0.100,0.210,0.275,0.155,0.100,0.115
0.015,0.015,0.100,0.210,0.005,0.000,0.000
0.005,0.005,0.085,0.145,0.000,0.000,0.000
0.115,0.125,0.180,0.425,0.115,0.105,0.105
0.015,0.015,0.070,0.235,0.010,0.000,0.010
0.105,0.110,0.130,0.230,0.135,0.110,0.105
0.015,0.015,0.065,0.130,0.005,0.000,0.005
0.105,0.125,0.150,0.335,0.125,0.110,0.105
0.030,0.035,0.070,0.245,0.010,0.015,0.005
0.115,0.105,0.120,0.205,0.120,0.100,0.105
0.150,0.040,0.195,0.350,0.050,0.090,0.025
0.030,0.035,0.110,0.340,0.015,0.005,0.000
0.095,0.130,0.175,0.375,0.130,0.105,0.105
0.020,0.010,0.090,0.220,0.000,0.010,0.005
0.120,0.110,0.110,0.245,0.135,0.110,0.105
0.095,0.110,0.115,0.300,0.130,0.105,0.100
0.060,0.015,0.115,0.175,0.000,0.000,0.005
0.005,0.025,0.035,0.190,0.005,0.000,0.000
0.030,0.035,0.070,0.245,0.010,0.015,0.005
0.125,0.090,0.170,0.340,0.145,0.115,0.095
0.025,0.005,0.085,0.220,0.005,0.000,0.000
0.090,0.045,0.160,0.350,0.030,0.020,0.000
0.135,0.115,0.175,0.455,0.145,0.120,0.090
0.125,0.095,0.115,0.250,0.135,0.110,0.115
0.035,0.025,0.080,0.245,0.000,0.010,0.000
0.020,0.010,0.085,0.210,0.005,0.005,0.000
0.020,0.020,0.055,0.160,0.000,0.000,0.000
0.065,0.090,0.140,0.380,0.020,0.020,0.005
0.115,0.120,0.140,0.295,0.115,0.100,0.090
0.130,0.110,0.180,0.405,0.140,0.105,0.105
0.030,0.035,0.070,0.245,0.010,0.015,0.005
0.125,0.110,0.150,0.365,0.155,0.115,0.110
0.055,0.005,0.100,0.295,0.015,0.010,0.010
0.150,0.125,0.120,0.440,0.135,0.110,0.090
0.110,0.115,0.180,0.280,0.145,0.105,0.100
0.030,0.030,0.065,0.235,0.010,0.015,0.005
0.020,0.005,0.115,0.165,0.000,0.005,0.000
0.030,0.035,0.070,0.245,0.010,0.015,0.005
0.235,0.125,0.195,0.400,0.170,0.135,0.105
0.140,0.160,0.180,0.270,0.135,0.125,0.105
0.010,0.025,0.050,0.275,0.010,0.000,0.005
0.045,0.015,0.095,0.350,0.025,0.005,0.005
0.030,0.035,0.070,0.245,0.010,0.015,0.005
0.140,0.125,0.125,0.475,0.135,0.105,0.105
0.070,0.020,0.280,0.295,0.035,0.185,0.020
0.320,0.055,0.195,0.430,0.050,0.015,0.020
0.030,0.035,0.070,0.245,0.010,0.015,0.005
0.035,0.015,0.105,0.210,0.010,0.025,0.005
0.025,0.025,0.080,0.295,0.000,0.010,0.000
0.060,0.080,0.095,0.245,0.035,0.015,0.000
0.030,0.035,0.070,0.245,0.010,0.015,0.005
0.110,0.105,0.090,0.215,0.140,0.105,0.105
0.030,0.035,0.070,0.245,0.010,0.015,0.005
0.045,0.015,0.055,0.235,0.005,0.010,0.005
0.195,0.120,0.245,0.480,0.175,0.140,0.130
0.115,0.140,0.145,0.350,0.135,0.110,0.100
0.035,0.005,0.065,0.280,0.005,0.010,0.010
0.100,0.020,0.130,0.330,0.015,0.005,0.010
0.040,0.010,0.090,0.200,0.005,0.010,0.000
0.060,0.025,0.185,0.350,0.030,0.010,0.000
0.040,0.015,0.195,0.235,0.005,0.000,0.000
0.025,0.015,0.060,0.200,0.005,0.000,0.005
0.135,0.100,0.140,0.280,0.150,0.110,0.095
0.105,0.125,0.215,0.370,0.150,0.090,0.115
0.135,0.095,0.125,0.290,0.145,0.095,0.110
0.100,0.095,0.150,0.420,0.030,0.025,0.005
0.030,0.035,0.070,0.245,0.010,0.015,0.005
0.030,0.025,0.100,0.170,0.000,0.000,0.000
0.125,0.135,0.130,0.300,0.120,0.105,0.100
0.170,0.125,0.150,0.465,0.125,0.100,0.090
0.005,0.010,0.025,0.205,0.000,0.000,0.000
0.025,0.020,0.095,0.230,0.000,0.000,0.000
0.020,0.010,0.070,0.235,0.000,0.000,0.000
0.040,0.010,0.100,0.255,0.015,0.015,0.000
0.015,0.010,0.115,0.200,0.005,0.000,0.000
0.030,0.035,0.070,0.245,0.010,0.015,0.005
0.035,0.025,0.080,0.175,0.000,0.005,0.000
0.135,0.105,0.100,0.780,0.130,0.195,0.110
0.115,0.055,0.120,0.345,0.060,0.010,0.005
0.070,0.000,0.095,0.295,0.005,0.000,0.000
0.005,0.020,0.135,0.175,0.010,0.000,0.000
0.095,0.105,0.135,0.280,0.100,0.085,0.100
0.125,0.105,0.130,0.200,0.125,0.105,0.100
0.035,0.035,0.085,0.240,0.010,0.020,0.005
0.035,0.010,0.090,0.185,0.010,0.010,0.005
0.010,0.020,0.135,0.285,0.000,0.000,0.000
0.100,0.120,0.125,0.345,0.125,0.110,0.110
0.010,0.055,0.040,0.230,0.010,0.025,0.000
0.065,0.045,0.075,0.315,0.010,0.010,0.010
0.015,0.005,0.110,0.215,0.000,0.010,0.000
0.005,0.010,0.025,0.250,0.000,0.000,0.000
0.170,0.130,0.170,0.465,0.160,0.110,0.095
0.075,0.050,0.105,0.255,0.030,0.010,0.005
0.135,0.185,0.125,0.340,0.150,0.130,0.100
0.110,0.100,0.100,0.255,0.140,0.090,0.115
0.105,0.095,0.100,0.375,0.025,0.000,0.015
0.015,0.060,0.080,0.440,0.025,0.020,0.005
0.135,0.120,0.165,0.375,0.170,0.115,0.100
0.030,0.090,0.120,0.375,0.005,0.095,0.005
0.070,0.060,0.105,0.335,0.025,0.020,0.015
0.040,0.010,0.135,0.230,0.005,0.000,0.000
0.050,0.040,0.125,0.290,0.025,0.020,0.015
0.030,0.035,0.070,0.245,0.010,0.015,0.005
0.020,0.010,0.075,0.200,0.005,0.005,0.010
0.120,0.110,0.130,0.265,0.120,0.105,0.100
0.035,0.025,0.120,0.405,0.000,0.000,0.005
0.050,0.000,0.155,0.275,0.005,0.000,0.010
0.010,0.035,0.030,0.230,0.005,0.015,0.000
0.015,0.005,0.050,0.320,0.020,0.020,0.000
0.015,0.015,0.060,0.175,0.005,0.000,0.005
0.005,0.010,0.020,0.200,0.000,0.000,0.000
0.020,0.020,0.105,0.120,0.000,0.000,0.000
0.030,0.035,0.070,0.245,0.010,0.015,0.005
0.145,0.130,0.100,0.805,0.120,0.205,0.100
0.030,0.035,0.070,0.245,0.010,0.015,0.005
0.135,0.105,0.150,0.385,0.135,0.105,0.110
0.030,0.035,0.095,0.195,0.010,0.010,0.005
0.050,0.020,0.105,0.255,0.020,0.000,0.000
0.020,0.020,0.130,0.215,0.000,0.005,0.000
0.100,0.120,0.245,0.290,0.140,0.200,0.105
0.020,0.050,0.095,0.395,0.010,0.060,0.000
0.015,0.010,0.070,0.145,0.000,0.000,0.000
0.030,0.035,0.070,0.245,0.010,0.015,0.005
0.090,0.035,0.135,0.805,0.020,0.125,0.010
0.050,0.025,0.175,0.240,0.020,0.010,0.005
0.095,0.080,0.110,0.360,0.030,0.015,0.015
0.145,0.105,0.170,0.425,0.140,0.105,0.085
0.105,0.120,0.115,0.360,0.125,0.110,0.100
0.005,0.010,0.030,0.180,0.010,0.005,0.005
0.030,0.035,0.070,0.245,0.010,0.015,0.005
0.180,0.150,0.145,0.380,0.150,0.120,0.100
0.110,0.100,0.125,0.260,0.140,0.105,0.105
0.030,0.035,0.070,0.245,0.010,0.015,0.005
0.030,0.005,0.085,0.275,0.000,0.000,0.000
0.020,0.030,0.110,0.295,0.025,0.000,0.000
0.030,0.035,0.110,0.340,0.015,0.005,0.000
0.055,0.005,0.085,0.350,0.000,0.000,0.010
0.030,0.035,0.070,0.245,0.010,0.015,0.005
0.100,0.105,0.150,0.230,0.140,0.110,0.110
0.020,0.095,0.040,0.410,0.010,0.025,0.000
0.105,0.090,0.185,0.290,0.155,0.105,0.110
0.025,0.010,0.080,0.180,0.000,0.000,0.000
0.005,0.010,0.040,0.185,0.015,0.005,0.000
0.080,0.020,0.120,0.305,0.040,0.020,0.010
0.060,0.020,0.070,0.265,0.010,0.000,0.000
0.025,0.015,0.095,0.270,0.005,0.000,0.000
0.115,0.115,0.130,0.300,0.125,0.105,0.105
0.020,0.170,0.085,0.435,0.005,0.060,0.010
0.030,0.015,0.100,0.200,0.010,0.010,0.000
0.025,0.005,0.050,0.230,0.010,0.000,0.000
0.045,0.015,0.080,0.195,0.005,0.000,0.010
0.020,0.040,0.065,0.150,0.000,0.000,0.000
0.030,0.035,0.070,0.245,0.010,0.015,0.005
0.010,0.000,0.045,0.235,0.015,0.000,0.000
0.015,0.010,0.070,0.145,0.000,0.000,0.000
0.030,0.035,0.070,0.245,0.010,0.015,0.005
0.035,0.010,0.095,0.205,0.005,0.000,0.000
0.030,0.035,0.070,0.245,0.010,0.015,0.005
0.025,0.000,0.090,0.135,0.000,0.000,0.000
0.015,0.015,0.085,0.145,0.000,0.000,0.005
0.025,0.015,0.065,0.290,0.000,0.020,0.005
0.030,0.015,0.080,0.270,0.000,0.000,0.000
0.010,0.020,0.135,0.285,0.000,0.000,0.000
0.025,0.015,0.060,0.295,0.020,0.000,0.000
0.060,0.030,0.070,0.240,0.035,0.005,0.000
0.135,0.115,0.240,0.495,0.145,0.115,0.105
0.100,0.120,0.165,0.575,0.120,0.105,0.110
0.105,0.095,0.130,0.320,0.140,0.100,0.095
0.105,0.120,0.090,0.375,0.125,0.100,0.100
0.010,0.000,0.110,0.260,0.010,0.010,0.000
0.040,0.015,0.085,0.230,0.005,0.020,0.015
0.025,0.005,0.045,0.215,0.005,0.000,0.000
0.110,0.110,0.110,0.275,0.140,0.110,0.105
0.020,0.010,0.090,0.220,0.005,0.010,0.000
0.015,0.025,0.125,0.235,0.000,0.000,0.000
0.185,0.140,0.470,0.555,0.150,0.230,0.105
0.030,0.035,0.070,0.245,0.010,0.015,0.005
0.090,0.125,0.110,0.235,0.120,0.100,0.115
0.115,0.120,0.115,0.255,0.125,0.105,0.100
0.115,0.120,0.215,0.215,0.140,0.095,0.105
0.115,0.105,0.125,0.260,0.115,0.110,0.115
0.005,0.035,0.045,0.145,0.000,0.000,0.000
0.080,0.015,0.155,0.290,0.015,0.005,0.005
0.025,0.010,0.065,0.265,0.005,0.000,0.005
0.035,0.000,0.065,0.170,0.000,0.000,0.000
0.030,0.035,0.070,0.245,0.010,0.015,0.005
0.100,0.005,0.105,0.180,0.000,0.000,0.025
0.030,0.030,0.130,0.265,0.015,0.015,0.000
0.135,0.100,0.155,0.400,0.135,0.105,0.090
0.030,0.070,0.140,0.300,0.015,0.000,0.000
0.045,0.015,0.180,0.230,0.000,0.000,0.000
