v1,v2,v3,v4,v5,v6,v7
0.100,0.040,0.615,0.160,0.030,0.005,0.030
0.075,0.065,0.430,0.275,0.015,0.005,0.000
0.070,0.070,0.525,0.125,0.000,0.005,0.020
0.070,0.055,0.405,0.250,0.020,0.005,0.010
0.030,0.100,0.700,0.245,0.005,0.055,0.000
0.045,0.095,0.670,0.210,0.005,0.030,0.020
0.055,0.095,0.655,0.265,0.005,0.045,0.000
0.055,0.065,0.435,0.295,0.015,0.000,0.000
0.070,0.020,0.570,0.150,0.000,0.000,0.035
0.045,0.115,0.665,0.245,0.010,0.050,0.015
0.030,0.010,0.555,0.115,0.005,0.000,0.010
0.110,0.100,0.495,0.355,0.035,0.005,0.010
0.010,0.020,0.575,0.100,0.000,0.005,0.005
0.120,0.075,0.360,0.115,0.005,0.010,0.005
0.075,0.085,0.430,0.220,0.025,0.010,0.005
0.035,0.010,0.565,0.105,0.010,0.000,0.005
0.060,0.115,0.685,0.305,0.010,0.060,0.015
0.030,0.110,0.675,0.290,0.010,0.065,0.005
0.080,0.030,0.680,0.195,0.020,0.005,0.010
0.040,0.000,0.645,0.170,0.010,0.010,0.025
0.020,0.100,0.705,0.240,0.000,0.040,0.000
0.015,0.085,0.615,0.090,0.000,0.050,0.000
0.040,0.025,0.645,0.090,0.000,0.000,0.015
0.150,0.160,0.435,0.375,0.015,0.005,0.010
0.055,0.090,0.720,0.235,0.010,0.030,0.010
0.100,0.135,0.675,0.340,0.040,0.065,0.015
0.035,0.010,0.635,0.070,0.010,0.005,0.015
0.125,0.090,0.600,0.210,0.135,0.090,0.115
0.185,0.010,0.605,0.030,0.015,0.005,0.015
0.120,0.090,0.460,0.335,0.035,0.005,0.020
0.035,0.030,0.715,0.290,0.025,0.000,0.010
0.060,0.070,0.720,0.275,0.010,0.055,0.010
0.020,0.040,0.615,0.105,0.010,0.005,0.010
0.135,0.120,0.510,0.360,0.045,0.005,0.010
0.115,0.045,0.470,0.400,0.045,0.000,0.005
0.030,0.105,0.710,0.250,0.010,0.050,0.000
0.030,0.020,0.605,0.125,0.000,0.005,0.005
0.045,0.020,0.665,0.120,0.010,0.005,0.005
0.085,0.060,0.420,0.285,0.020,0.005,0.000
0.020,0.040,0.615,0.080,0.015,0.000,0.000
0.025,0.030,0.550,0.140,0.005,0.005,0.000
0.020,0.040,0.550,0.070,0.020,0.005,0.005
0.060,0.100,0.505,0.270,0.005,0.005,0.005
0.030,0.115,0.715,0.275,0.010,0.060,0.005
0.045,0.085,0.680,0.200,0.010,0.025,0.010
0.120,0.000,0.625,0.050,0.010,0.000,0.015
0.035,0.000,0.555,0.060,0.005,0.000,0.015
0.035,0.090,0.700,0.280,0.010,0.045,0.000
0.065,0.105,0.685,0.305,0.010,0.050,0.010
0.030,0.030,0.625,0.115,0.000,0.000,0.010
0.105,0.100,0.480,0.355,0.025,0.005,0.020
0.025,0.025,0.700,0.180,0.000,0.005,0.005
0.070,0.000,0.495,0.040,0.000,0.000,0.015
0.025,0.115,0.735,0.215,0.005,0.050,0.010
0.035,0.100,0.700,0.250,0.010,0.050,0.000
0.020,0.000,0.525,0.045,0.000,0.005,0.005
0.055,0.040,0.590,0.145,0.000,0.010,0.010
0.065,0.065,0.415,0.235,0.025,0.000,0.000
0.060,0.000,0.665,0.170,0.005,0.000,0.025
0.115,0.100,0.435,0.305,0.000,0.000,0.005
0.140,0.050,0.655,0.310,0.005,0.110,0.030
0.040,0.070,0.675,0.225,0.010,0.025,0.010
0.040,0.000,0.575,0.060,0.005,0.020,0.000
0.015,0.015,0.505,0.085,0.000,0.005,0.005
0.115,0.070,0.420,0.275,0.020,0.005,0.005
0.030,0.000,0.565,0.055,0.000,0.000,0.015
0.035,0.045,0.665,0.215,0.010,0.040,0.015
0.170,0.160,0.405,0.310,0.160,0.105,0.090
0.025,0.090,0.755,0.270,0.000,0.030,0.000
0.015,0.020,0.565,0.095,0.005,0.005,0.005
0.035,0.100,0.700,0.235,0.005,0.050,0.000
0.005,0.015,0.490,0.080,0.000,0.005,0.005
0.020,0.080,0.740,0.250,0.000,0.035,0.005
0.105,0.000,0.665,0.055,0.005,0.000,0.015
0.015,0.015,0.600,0.075,0.000,0.005,0.005
0.050,0.000,0.480,0.050,0.000,0.000,0.020
0.030,0.025,0.600,0.130,0.000,0.000,0.005
0.035,0.115,0.700,0.290,0.015,0.070,0.010
0.080,0.105,0.600,0.285,0.010,0.025,0.035
0.030,0.055,0.715,0.330,0.025,0.045,0.015
0.065,0.070,0.670,0.260,0.020,0.080,0.005
0.025,0.040,0.650,0.270,0.010,0.030,0.010
0.020,0.015,0.635,0.200,0.005,0.000,0.005
0.025,0.030,0.580,0.095,0.000,0.005,0.005
0.030,0.110,0.715,0.235,0.000,0.025,0.015
0.095,0.000,0.555,0.035,0.000,0.000,0.010
0.010,0.015,0.535,0.065,0.000,0.000,0.005
0.015,0.115,0.635,0.245,0.005,0.070,0.000
0.180,0.150,0.545,0.380,0.080,0.020,0.005
0.070,0.105,0.705,0.295,0.005,0.050,0.010
0.120,0.070,0.650,0.305,0.130,0.145,0.120
0.065,0.080,0.775,0.175,0.110,0.105,0.095
0.050,0.015,0.640,0.110,0.005,0.005,0.005
0.050,0.025,0.610,0.130,0.005,0.010,0.015
0.030,0.025,0.575,0.130,0.010,0.005,0.005
0.045,0.065,0.675,0.265,0.005,0.050,0.030
0.050,0.040,0.695,0.340,0.010,0.045,0.005
0.085,0.060,0.425,0.275,0.000,0.005,0.000
0.035,0.000,0.560,0.085,0.000,0.005,0.010
0.025,0.075,0.645,0.255,0.000,0.015,0.010
0.050,0.100,0.660,0.305,0.010,0.055,0.005
0.055,0.070,0.685,0.220,0.010,0.025,0.000
0.185,0.135,0.505,0.360,0.065,0.010,0.015
0.185,0.190,0.550,0.345,0.150,0.105,0.090
0.060,0.125,0.715,0.265,0.025,0.060,0.005
0.045,0.015,0.530,0.075,0.000,0.000,0.005
0.030,0.110,0.735,0.280,0.005,0.025,0.000
0.020,0.010,0.685,0.140,0.005,0.010,0.000
0.120,0.105,0.475,0.310,0.040,0.005,0.010
0.225,0.205,0.535,0.425,0.180,0.105,0.090
0.125,0.090,0.585,0.335,0.140,0.150,0.125
0.125,0.125,0.700,0.350,0.050,0.070,0.030
0.105,0.000,0.630,0.080,0.005,0.000,0.010
0.075,0.075,0.475,0.280,0.000,0.010,0.000
0.020,0.025,0.580,0.110,0.000,0.000,0.005
0.050,0.080,0.715,0.245,0.005,0.060,0.005
0.025,0.015,0.575,0.135,0.005,0.005,0.005
0.125,0.000,0.550,0.055,0.000,0.000,0.010
0.125,0.005,0.575,0.245,0.020,0.010,0.020
0.090,0.015,0.750,0.255,0.015,0.055,0.015
0.025,0.015,0.625,0.090,0.005,0.000,0.005
0.045,0.030,0.575,0.090,0.000,0.000,0.005
0.020,0.045,0.630,0.095,0.015,0.005,0.005
0.030,0.020,0.730,0.090,0.020,0.005,0.005
0.025,0.005,0.655,0.115,0.000,0.000,0.015
0.035,0.115,0.705,0.280,0.020,0.050,0.000
0.035,0.100,0.710,0.275,0.010,0.055,0.015
0.115,0.015,0.670,0.205,0.000,0.000,0.035
0.060,0.040,0.605,0.160,0.005,0.010,0.020
0.130,0.145,0.780,0.330,0.060,0.040,0.010
0.080,0.130,0.755,0.285,0.020,0.060,0.025
0.025,0.100,0.620,0.275,0.000,0.030,0.000
0.030,0.105,0.680,0.245,0.010,0.045,0.000
0.020,0.070,0.675,0.180,0.000,0.045,0.005
0.035,0.020,0.675,0.125,0.010,0.015,0.005
0.015,0.105,0.730,0.285,0.005,0.035,0.000
0.030,0.080,0.685,0.225,0.000,0.045,0.005
0.030,0.035,0.560,0.080,0.015,0.010,0.010
0.105,0.085,0.490,0.255,0.000,0.000,0.010
0.030,0.010,0.520,0.105,0.000,0.010,0.005
0.220,0.070,0.555,0.490,0.080,0.020,0.045
0.030,0.105,0.700,0.250,0.005,0.055,0.000
0.085,0.080,0.460,0.250,0.005,0.000,0.000
0.140,0.150,0.515,0.365,0.045,0.005,0.025
0.040,0.035,0.535,0.120,0.000,0.005,0.015
0.035,0.030,0.490,0.095,0.000,0.005,0.000
0.040,0.105,0.695,0.225,0.005,0.050,0.000
0.035,0.010,0.625,0.105,0.000,0.000,0.000
0.030,0.070,0.740,0.290,0.010,0.060,0.010
0.115,0.085,0.455,0.260,0.000,0.015,0.000
0.035,0.065,0.645,0.275,0.010,0.025,0.000
0.110,0.120,0.460,0.195,0.025,0.010,0.010
0.020,0.095,0.685,0.230,0.000,0.040,0.000
0.105,0.135,0.690,0.340,0.035,0.060,0.015
0.030,0.030,0.635,0.110,0.000,0.005,0.005
0.085,0.000,0.550,0.045,0.000,0.000,0.020
0.045,0.015,0.540,0.050,0.000,0.000,0.010
0.050,0.050,0.545,0.125,0.000,0.005,0.005
0.065,0.100,0.760,0.275,0.025,0.060,0.010
0.045,0.025,0.585,0.135,0.005,0.000,0.005
0.060,0.080,0.730,0.310,0.020,0.035,0.020
0.030,0.105,0.700,0.250,0.005,0.055,0.000
0.035,0.020,0.560,0.125,0.000,0.005,0.005
0.050,0.040,0.625,0.185,0.005,0.005,0.000
0.045,0.070,0.600,0.240,0.015,0.040,0.015
0.010,0.015,0.530,0.090,0.000,0.000,0.005
0.045,0.035,0.625,0.115,0.015,0.005,0.005
0.025,0.080,0.625,0.195,0.000,0.050,0.005
0.045,0.010,0.560,0.105,0.015,0.005,0.010
0.020,0.115,0.750,0.210,0.010,0.070,0.005
0.135,0.010,0.575,0.030,0.000,0.000,0.005
0.020,0.015,0.575,0.090,0.000,0.010,0.015
0.020,0.085,0.660,0.255,0.000,0.050,0.000
0.030,0.090,0.650,0.210,0.005,0.050,0.000
0.030,0.065,0.595,0.115,0.000,0.005,0.005
0.090,0.110,0.685,0.310,0.005,0.060,0.025
0.075,0.010,0.600,0.140,0.005,0.000,0.010
0.015,0.015,0.550,0.085,0.000,0.005,0.005
0.015,0.015,0.530,0.085,0.000,0.010,0.005
0.065,0.090,0.585,0.170,0.035,0.000,0.020
0.035,0.115,0.690,0.270,0.015,0.060,0.010
0.170,0.145,0.525,0.335,0.050,0.005,0.010
0.125,0.085,0.735,0.365,0.055,0.085,0.045
0.035,0.010,0.570,0.100,0.000,0.000,0.005
0.040,0.025,0.495,0.115,0.015,0.005,0.015
0.020,0.015,0.505,0.090,0.000,0.005,0.005
0.115,0.090,0.460,0.330,0.025,0.005,0.010
0.050,0.030,0.710,0.245,0.015,0.050,0.000
0.130,0.115,0.530,0.430,0.045,0.005,0.010
0.020,0.025,0.600,0.120,0.000,0.000,0.005
0.175,0.135,0.495,0.370,0.045,0.015,0.035
0.045,0.000,0.690,0.065,0.010,0.000,0.010
0.030,0.055,0.620,0.140,0.010,0.005,0.010
0.065,0.010,0.680,0.100,0.005,0.010,0.005
0.010,0.015,0.545,0.045,0.000,0.005,0.005
0.125,0.035,0.545,0.295,0.030,0.010,0.005
0.010,0.005,0.565,0.055,0.000,0.000,0.000
0.110,0.105,0.390,0.335,0.030,0.010,0.020
0.010,0.010,0.685,0.095,0.005,0.000,0.005
0.015,0.030,0.595,0.060,0.000,0.000,0.005
0.045,0.030,0.720,0.100,0.000,0.000,0.010
0.020,0.100,0.700,0.240,0.000,0.045,0.000
0.075,0.070,0.755,0.280,0.010,0.060,0.020
0.020,0.125,0.680,0.265,0.000,0.035,0.000
0.035,0.100,0.685,0.255,0.015,0.055,0.000
0.060,0.040,0.710,0.250,0.010,0.000,0.010
0.015,0.015,0.535,0.075,0.005,0.000,0.005
0.045,0.015,0.705,0.140,0.020,0.000,0.005
0.030,0.110,0.680,0.255,0.015,0.055,0.005
0.020,0.010,0.650,0.085,0.000,0.005,0.000
0.035,0.100,0.715,0.245,0.005,0.045,0.000
0.035,0.045,0.685,0.320,0.005,0.020,0.010
0.035,0.105,0.695,0.305,0.005,0.060,0.005
0.015,0.020,0.575,0.110,0.000,0.005,0.010
0.015,0.015,0.555,0.080,0.000,0.000,0.005
0.065,0.065,0.600,0.135,0.010,0.010,0.030
0.005,0.010,0.685,0.040,0.000,0.005,0.000
0.295,0.210,0.555,0.435,0.160,0.105,0.085
0.090,0.105,0.715,0.200,0.120,0.095,0.105
0.020,0.020,0.520,0.025,0.000,0.005,0.000
0.095,0.100,0.510,0.295,0.030,0.005,0.010
0.025,0.020,0.630,0.115,0.025,0.010,0.000
0.060,0.015,0.690,0.115,0.005,0.005,0.005
0.090,0.005,0.700,0.250,0.025,0.060,0.010
0.115,0.065,0.405,0.300,0.030,0.010,0.005
0.030,0.045,0.580,0.095,0.030,0.005,0.010
0.080,0.005,0.735,0.220,0.020,0.060,0.005
0.155,0.130,0.450,0.325,0.055,0.010,0.045
0.120,0.150,0.685,0.325,0.045,0.060,0.020
0.030,0.105,0.700,0.250,0.005,0.055,0.000
0.010,0.010,0.440,0.130,0.000,0.000,0.005
0.045,0.080,0.690,0.240,0.010,0.055,0.005
0.030,0.110,0.710,0.230,0.005,0.040,0.000
0.005,0.085,0.685,0.305,0.010,0.030,0.000
0.090,0.000,0.535,0.045,0.000,0.000,0.010
0.035,0.105,0.720,0.275,0.020,0.055,0.000
0.095,0.020,0.570,0.105,0.015,0.000,0.015
0.090,0.140,0.735,0.335,0.020,0.045,0.000
0.020,0.020,0.590,0.055,0.000,0.000,0.000
0.040,0.070,0.715,0.245,0.025,0.005,0.005
0.095,0.135,0.760,0.255,0.015,0.035,0.040
0.060,0.115,0.705,0.235,0.005,0.030,0.010
0.040,0.105,0.710,0.250,0.010,0.060,0.000
0.100,0.165,0.460,0.255,0.020,0.010,0.020
0.050,0.090,0.715,0.270,0.020,0.075,0.005
0.080,0.065,0.415,0.275,0.005,0.000,0.010
0.015,0.015,0.555,0.050,0.000,0.000,0.010
0.035,0.020,0.635,0.090,0.010,0.005,0.020
0.035,0.020,0.600,0.120,0.005,0.000,0.010
0.035,0.120,0.690,0.235,0.005,0.030,0.000
0.010,0.020,0.575,0.100,0.000,0.005,0.005
0.115,0.015,0.695,0.060,0.010,0.015,0.010
0.115,0.070,0.490,0.350,0.010,0.005,0.025
0.070,0.100,0.445,0.400,0.040,0.005,0.000
0.185,0.135,0.725,0.340,0.055,0.060,0.055
0.085,0.075,0.510,0.310,0.015,0.015,0.005
0.065,0.000,0.595,0.130,0.000,0.010,0.015
0.080,0.110,0.670,0.285,0.010,0.060,0.010
0.060,0.040,0.605,0.160,0.005,0.010,0.020
0.070,0.025,0.705,0.295,0.000,0.040,0.005
0.170,0.100,0.500,0.360,0.160,0.110,0.095
0.035,0.020,0.460,0.125,0.000,0.005,0.000
0.085,0.090,0.735,0.300,0.025,0.060,0.035
0.015,0.015,0.510,0.075,0.000,0.000,0.005
0.065,0.055,0.395,0.280,0.015,0.005,0.000
0.020,0.095,0.680,0.225,0.005,0.020,0.000
0.030,0.105,0.700,0.250,0.005,0.055,0.000
0.045,0.020,0.745,0.085,0.010,0.025,0.005
0.015,0.045,0.590,0.055,0.010,0.000,0.010
0.030,0.090,0.635,0.265,0.005,0.020,0.010
0.150,0.135,0.695,0.350,0.030,0.070,0.045
0.070,0.005,0.730,0.195,0.015,0.045,0.000
0.060,0.020,0.630,0.090,0.000,0.000,0.010
0.020,0.060,0.685,0.305,0.000,0.060,0.010
0.040,0.105,0.695,0.245,0.015,0.050,0.000
0.030,0.120,0.685,0.280,0.015,0.050,0.005
0.010,0.025,0.450,0.085,0.000,0.005,0.020
0.050,0.010,0.580,0.080,0.000,0.000,0.020
0.040,0.015,0.615,0.185,0.010,0.010,0.005
0.060,0.115,0.705,0.235,0.005,0.030,0.010
0.090,0.000,0.600,0.065,0.000,0.000,0.015
0.085,0.015,0.555,0.110,0.000,0.010,0.005
0.030,0.050,0.475,0.125,0.010,0.005,0.005
0.090,0.100,0.770,0.320,0.030,0.060,0.025
0.050,0.045,0.605,0.155,0.005,0.010,0.010
0.075,0.000,0.705,0.115,0.030,0.000,0.010
0.075,0.065,0.435,0.320,0.025,0.000,0.005
0.015,0.020,0.535,0.075,0.010,0.005,0.005
0.035,0.015,0.735,0.135,0.005,0.000,0.000
0.015,0.015,0.530,0.095,0.000,0.005,0.005
0.015,0.015,0.530,0.090,0.000,0.005,0.005
0.075,0.030,0.700,0.195,0.020,0.005,0.010
0.085,0.130,0.760,0.385,0.020,0.070,0.000
0.040,0.100,0.705,0.245,0.005,0.050,0.000
0.085,0.050,0.795,0.355,0.035,0.045,0.010
0.035,0.030,0.485,0.115,0.005,0.000,0.005
0.035,0.030,0.490,0.095,0.000,0.005,0.000
0.010,0.025,0.570,0.100,0.010,0.010,0.000
0.090,0.080,0.470,0.295,0.035,0.005,0.005
0.040,0.080,0.685,0.325,0.005,0.050,0.030
0.170,0.010,0.400,0.305,0.010,0.010,0.030
0.110,0.015,0.765,0.265,0.040,0.050,0.020
0.120,0.085,0.475,0.255,0.005,0.010,0.005
0.015,0.025,0.550,0.075,0.000,0.000,0.005
0.125,0.100,0.855,0.345,0.015,0.070,0.005
0.135,0.120,0.515,0.345,0.035,0.005,0.010
0.030,0.035,0.675,0.090,0.000,0.025,0.005
0.105,0.025,0.765,0.205,0.005,0.000,0.025
0.035,0.010,0.600,0.095,0.000,0.010,0.010
0.150,0.175,0.490,0.335,0.150,0.105,0.090
0.090,0.010,0.730,0.250,0.020,0.055,0.010
0.110,0.075,0.700,0.265,0.130,0.150,0.125
0.040,0.025,0.575,0.125,0.000,0.005,0.010
0.080,0.030,0.685,0.125,0.005,0.000,0.030
0.110,0.065,0.620,0.185,0.000,0.005,0.030
0.055,0.110,0.375,0.205,0.000,0.000,0.005
0.060,0.100,0.680,0.300,0.010,0.055,0.010
0.020,0.110,0.665,0.220,0.000,0.020,0.010
0.045,0.070,0.785,0.285,0.010,0.045,0.005
0.070,0.100,0.700,0.260,0.005,0.040,0.015
0.110,0.085,0.505,0.255,0.015,0.010,0.010
0.010,0.015,0.525,0.085,0.000,0.005,0.005
0.080,0.000,0.695,0.115,0.025,0.000,0.010
0.110,0.040,0.660,0.325,0.015,0.005,0.005
0.095,0.130,0.530,0.385,0.050,0.000,0.005
0.080,0.005,0.440,0.155,0.005,0.000,0.005
0.045,0.105,0.725,0.255,0.010,0.055,0.010
0.005,0.020,0.520,0.065,0.010,0.005,0.000
0.085,0.005,0.685,0.175,0.055,0.005,0.000
0.090,0.065,0.735,0.310,0.020,0.035,0.035
0.075,0.005,0.510,0.045,0.000,0.000,0.015
0.100,0.135,0.695,0.335,0.040,0.065,0.025
0.060,0.100,0.545,0.255,0.010,0.005,0.005
0.080,0.075,0.455,0.325,0.000,0.005,0.000
0.075,0.060,0.340,0.290,0.020,0.000,0.000
0.075,0.080,0.485,0.280,0.000,0.005,0.010
0.125,0.025,0.665,0.290,0.020,0.000,0.025
0.070,0.070,0.420,0.285,0.000,0.005,0.000
0.080,0.055,0.725,0.245,0.005,0.030,0.005
0.105,0.125,0.725,0.315,0.020,0.055,0.015
0.065,0.050,0.635,0.100,0.040,0.005,0.005
0.010,0.020,0.550,0.085,0.000,0.000,0.015
0.080,0.000,0.490,0.040,0.000,0.000,0.015
0.015,0.030,0.570,0.085,0.005,0.000,0.000
0.090,0.080,0.365,0.300,0.045,0.000,0.005
0.055,0.125,0.745,0.250,0.015,0.060,0.010
0.035,0.025,0.570,0.160,0.020,0.000,0.010
0.025,0.025,0.610,0.070,0.005,0.000,0.000
0.055,0.115,0.710,0.295,0.045,0.040,0.000
0.015,0.020,0.570,0.090,0.000,0.000,0.005
0.235,0.210,0.535,0.425,0.180,0.105,0.090
0.075,0.130,0.730,0.340,0.015,0.060,0.005
0.060,0.005,0.700,0.360,0.005,0.000,0.005
0.050,0.005,0.640,0.160,0.010,0.055,0.005
0.055,0.030,0.450,0.225,0.005,0.020,0.000
0.070,0.055,0.705,0.305,0.005,0.050,0.010
0.015,0.030,0.630,0.125,0.005,0.005,0.005
0.080,0.160,0.755,0.370,0.025,0.070,0.000
0.085,0.105,0.705,0.285,0.005,0.060,0.015
0.070,0.085,0.825,0.350,0.060,0.035,0.010
0.025,0.030,0.590,0.255,0.000,0.005,0.005
0.060,0.075,0.765,0.315,0.040,0.050,0.015
0.035,0.085,0.655,0.245,0.000,0.030,0.015
0.120,0.040,0.575,0.300,0.015,0.005,0.010
0.145,0.000,0.555,0.050,0.015,0.000,0.025
0.020,0.110,0.700,0.250,0.000,0.050,0.000
0.060,0.000,0.770,0.050,0.055,0.000,0.000
0.115,0.075,0.455,0.235,0.030,0.005,0.025
0.020,0.120,0.675,0.240,0.010,0.055,0.010
0.030,0.105,0.705,0.225,0.005,0.065,0.000
0.030,0.105,0.675,0.280,0.005,0.050,0.000
0.040,0.105,0.750,0.285,0.030,0.045,0.000
0.045,0.000,0.735,0.050,0.010,0.015,0.005
0.080,0.085,0.620,0.150,0.145,0.090,0.110
0.090,0.025,0.735,0.180,0.035,0.005,0.035
0.085,0.065,0.430,0.240,0.005,0.005,0.000
0.095,0.025,0.490,0.210,0.015,0.010,0.000
0.120,0.005,0.510,0.035,0.000,0.000,0.010
0.050,0.045,0.585,0.160,0.000,0.010,0.015
0.125,0.005,0.610,0.130,0.040,0.020,0.010
0.050,0.100,0.740,0.250,0.020,0.045,0.015
0.015,0.020,0.520,0.075,0.010,0.000,0.005
0.025,0.015,0.550,0.120,0.000,0.000,0.010
0.010,0.020,0.590,0.045,0.000,0.005,0.000
0.015,0.020,0.575,0.100,0.000,0.000,0.005
0.030,0.090,0.720,0.260,0.010,0.060,0.000
0.140,0.005,0.665,0.090,0.010,0.000,0.025
0.105,0.015,0.630,0.155,0.005,0.005,0.030
0.015,0.025,0.520,0.075,0.000,0.005,0.010
0.090,0.035,0.465,0.325,0.010,0.005,0.015
0.010,0.040,0.610,0.100,0.010,0.005,0.005
0.105,0.100,0.480,0.310,0.035,0.005,0.010
0.035,0.055,0.515,0.110,0.000,0.000,0.010
0.170,0.020,0.550,0.075,0.015,0.000,0.025
0.015,0.010,0.635,0.090,0.005,0.000,0.005
0.040,0.105,0.715,0.250,0.010,0.065,0.010
0.050,0.090,0.735,0.270,0.035,0.040,0.000
0.100,0.055,0.590,0.205,0.010,0.000,0.000
0.045,0.105,0.710,0.245,0.010,0.040,0.005
0.010,0.000,0.595,0.060,0.005,0.005,0.010
0.100,0.070,0.600,0.170,0.040,0.010,0.010
0.040,0.055,0.510,0.115,0.000,0.000,0.015
0.055,0.005,0.695,0.100,0.005,0.010,0.010
0.090,0.105,0.785,0.295,0.025,0.055,0.025
0.090,0.135,0.685,0.310,0.020,0.060,0.015
0.070,0.030,0.605,0.145,0.000,0.005,0.020
0.100,0.085,0.715,0.300,0.060,0.045,0.020
0.025,0.060,0.730,0.285,0.015,0.040,0.015
0.130,0.000,0.560,0.040,0.000,0.000,0.010
0.045,0.020,0.660,0.120,0.010,0.005,0.005
0.030,0.025,0.600,0.130,0.000,0.010,0.025
0.035,0.020,0.675,0.190,0.015,0.005,0.010
0.085,0.085,0.475,0.255,0.020,0.010,0.010
0.045,0.100,0.710,0.240,0.010,0.050,0.015
0.025,0.010,0.545,0.100,0.000,0.000,0.005
0.035,0.080,0.675,0.215,0.010,0.040,0.015
0.025,0.050,0.475,0.065,0.000,0.000,0.005
0.065,0.110,0.750,0.230,0.010,0.025,0.000
0.025,0.030,0.450,0.100,0.000,0.030,0.010
0.005,0.030,0.610,0.120,0.000,0.000,0.015
0.030,0.110,0.665,0.285,0.010,0.045,0.000
0.050,0.035,0.475,0.185,0.030,0.010,0.000
0.045,0.000,0.635,0.055,0.000,0.000,0.000
0.035,0.015,0.660,0.125,0.005,0.005,0.005
0.175,0.155,0.775,0.260,0.160,0.105,0.180
0.040,0.110,0.395,0.140,0.005,0.000,0.015
0.135,0.140,0.690,0.320,0.050,0.070,0.025
0.205,0.150,0.550,0.380,0.075,0.020,0.020
0.070,0.065,0.460,0.275,0.000,0.015,0.005
0.110,0.075,0.455,0.315,0.010,0.005,0.000
0.055,0.095,0.700,0.270,0.000,0.030,0.005
0.030,0.050,0.805,0.265,0.040,0.005,0.005
0.060,0.055,0.420,0.285,0.015,0.005,0.000
0.045,0.000,0.560,0.085,0.005,0.010,0.010
0.135,0.100,0.460,0.330,0.035,0.005,0.025
0.015,0.020,0.585,0.050,0.000,0.000,0.000
0.050,0.000,0.720,0.085,0.010,0.010,0.015
0.025,0.045,0.740,0.225,0.000,0.015,0.015
0.075,0.115,0.695,0.320,0.020,0.065,0.030
0.055,0.005,0.640,0.095,0.020,0.005,0.005
0.020,0.115,0.710,0.290,0.000,0.035,0.000
0.025,0.010,0.645,0.065,0.010,0.005,0.020
0.095,0.090,0.460,0.250,0.030,0.005,0.005
0.020,0.115,0.715,0.235,0.000,0.020,0.015
0.050,0.035,0.725,0.230,0.030,0.000,0.005
0.040,0.120,0.685,0.280,0.010,0.050,0.005
0.020,0.015,0.575,0.170,0.005,0.005,0.005
0.030,0.100,0.715,0.230,0.005,0.035,0.010
0.065,0.030,0.600,0.315,0.005,0.000,0.000
0.020,0.090,0.650,0.230,0.000,0.045,0.000
0.045,0.035,0.600,0.105,0.005,0.005,0.000
0.070,0.010,0.475,0.055,0.000,0.015,0.015
0.110,0.065,0.490,0.305,0.030,0.005,0.000
0.030,0.140,0.730,0.265,0.005,0.045,0.005
0.005,0.115,0.680,0.165,0.000,0.070,0.000
0.130,0.080,0.715,0.255,0.030,0.030,0.030
0.050,0.005,0.750,0.110,0.015,0.000,0.005
0.090,0.135,0.735,0.320,0.060,0.060,0.005
0.020,0.095,0.635,0.240,0.000,0.040,0.000
0.105,0.085,0.465,0.350,0.000,0.005,0.005
0.030,0.000,0.540,0.030,0.010,0.000,0.015
0.195,0.160,0.515,0.390,0.060,0.015,0.035
0.085,0.060,0.455,0.230,0.030,0.005,0.005
0.080,0.025,0.595,0.140,0.000,0.000,0.015
0.065,0.020,0.480,0.285,0.015,0.015,0.005
0.165,0.135,0.695,0.360,0.040,0.065,0.020
0.030,0.020,0.635,0.060,0.000,0.000,0.005
0.105,0.000,0.635,0.070,0.005,0.000,0.015
0.035,0.025,0.550,0.140,0.010,0.005,0.005
0.060,0.035,0.510,0.260,0.015,0.010,0.000
0.095,0.125,0.730,0.300,0.010,0.030,0.035
0.105,0.110,0.495,0.295,0.030,0.005,0.005
0.035,0.110,0.730,0.245,0.000,0.025,0.000
0.115,0.100,0.435,0.305,0.000,0.000,0.005
0.090,0.095,0.525,0.170,0.005,0.000,0.010
0.040,0.100,0.755,0.290,0.010,0.050,0.010
0.050,0.100,0.765,0.245,0.010,0.045,0.000
0.025,0.090,0.645,0.245,0.000,0.040,0.010
0.040,0.100,0.705,0.255,0.005,0.045,0.000
0.040,0.105,0.690,0.275,0.010,0.060,0.010
0.045,0.065,0.740,0.280,0.025,0.045,0.015
0.090,0.090,0.490,0.305,0.000,0.005,0.005
0.200,0.130,0.525,0.375,0.060,0.015,0.015
0.055,0.040,0.545,0.095,0.000,0.000,0.005
0.100,0.010,0.720,0.050,0.005,0.005,0.010
0.100,0.000,0.560,0.055,0.000,0.000,0.010
0.050,0.020,0.495,0.160,0.010,0.010,0.005
0.030,0.105,0.700,0.250,0.005,0.055,0.000
0.065,0.015,0.550,0.080,0.005,0.000,0.005
0.045,0.015,0.595,0.085,0.000,0.005,0.000
0.075,0.030,0.655,0.125,0.015,0.005,0.005
0.065,0.050,0.495,0.085,0.000,0.000,0.010
0.135,0.015,0.565,0.045,0.015,0.000,0.035
0.030,0.060,0.660,0.345,0.000,0.050,0.000
0.015,0.020,0.530,0.125,0.000,0.010,0.005
0.030,0.100,0.775,0.270,0.010,0.075,0.000
0.030,0.025,0.625,0.115,0.005,0.000,0.015
0.065,0.010,0.610,0.125,0.000,0.010,0.005
0.015,0.020,0.555,0.090,0.000,0.010,0.005
0.240,0.115,0.700,0.340,0.055,0.065,0.045
