v1,v2,v3,v4,v5,v6,v7
0.760,0.610,0.420,0.025,0.010,0.140,0.025,0.090,0.030
0.450,0.105,0.475,0.470,0.005,0.020
0.385,0.040,0.515,0.420,0.000,0.035
0.515,0.965,0.025,0.005,0.020,0.010,0.010,0.015,0.015
0.910,0.785,0.275,0.000,0.005,0.070,0.025,0.005,0.050
0.380,0.205,0.550,0.455,0.010,0.010
0.400,0.035,0.630,0.425,0.000,0.020
0.780,0.810,0.165,0.010,0.000,0.120,0.025,0.065,0.010
0.565,0.945,0.075,0.005,0.005,0.000,0.000,0.015,0.005
0.855,0.640,0.215,0.000,0.005,0.060,0.005,0.020,0.040
0.805,0.655,0.450,0.050,0.005,0.100,0.035,0.085,0.060
0.680,0.855,0.190,0.005,0.000,0.055,0.010,0.005,0.000
0.820,0.800,0.220,0.000,0.000,0.105,0.040,0.140,0.020
0.430,0.170,0.645,0.525,0.010,0.025
0.355,0.970,0.070,0.000,0.000,0.020,0.010,0.005,0.025
0.425,0.025,0.650,0.440,0.000,0.025
0.315,0.855,0.075,0.020,0.005,0.015,0.080,0.070,0.005
0.810,0.610,0.405,0.035,0.000,0.115,0.035,0.130,0.025
0.660,0.770,0.215,0.010,0.015,0.095,0.060,0.110,0.010
0.205,0.230,0.365,0.275,0.025,0.095
0.650,0.935,0.105,0.020,0.010,0.030,0.020,0.045,0.040
0.780,0.870,0.180,0.010,0.000,0.055,0.000,0.020,0.020
0.775,0.825,0.210,0.005,0.000,0.090,0.035,0.115,0.030
0.880,0.810,0.205,0.005,0.005,0.070,0.025,0.035,0.035
0.800,0.795,0.215,0.005,0.000,0.110,0.090,0.095,0.015
0.260,0.150,0.860,0.010,0.010,0.080,0.030,0.020,0.015
0.450,0.175,0.565,0.415,0.000,0.030
0.880,0.795,0.200,0.000,0.000,0.055,0.005,0.025,0.045
0.870,0.845,0.370,0.010,0.005,0.115,0.060,0.055,0.065
0.755,0.705,0.430,0.050,0.025,0.060,0.010,0.070,0.020
0.890,0.750,0.220,0.015,0.005,0.050,0.030,0.030,0.040
0.380,0.185,0.540,0.465,0.005,0.015
0.915,0.735,0.200,0.000,0.000,0.160,0.020,0.060,0.015
0.805,0.705,0.365,0.045,0.000,0.140,0.065,0.200,0.020
0.315,0.215,0.520,0.310,0.000,0.040
0.380,0.165,0.555,0.430,0.005,0.030
0.735,0.665,0.405,0.045,0.005,0.135,0.025,0.125,0.010
0.720,0.830,0.130,0.010,0.000,0.105,0.015,0.060,0.005
0.220,0.145,0.975,0.005,0.000,0.010,0.020,0.020,0.000
0.480,0.925,0.135,0.005,0.000,0.010,0.015,0.015,0.045
0.735,0.725,0.245,0.000,0.005,0.130,0.100,0.080,0.015
0.505,0.220,0.500,0.360,0.000,0.030
0.430,0.035,0.475,0.435,0.005,0.030
0.365,0.180,0.570,0.315,0.015,0.000
0.530,0.220,0.465,0.420,0.020,0.030
0.815,0.795,0.245,0.005,0.000,0.105,0.080,0.120,0.030
0.830,0.765,0.245,0.010,0.000,0.065,0.055,0.050,0.030
0.145,0.115,0.955,0.000,0.000,0.015,0.020,0.005,0.000
0.770,0.620,0.475,0.035,0.000,0.155,0.065,0.180,0.015
0.560,0.095,0.445,0.445,0.000,0.060
0.805,0.670,0.245,0.010,0.000,0.200,0.055,0.085,0.070
0.865,0.705,0.235,0.005,0.000,0.125,0.070,0.130,0.025
0.780,0.690,0.210,0.015,0.005,0.085,0.070,0.060,0.040
0.870,0.765,0.265,0.000,0.000,0.065,0.080,0.045,0.065
0.360,0.190,0.545,0.425,0.005,0.015
0.770,0.880,0.235,0.035,0.000,0.085,0.030,0.050,0.030
0.780,0.770,0.195,0.000,0.000,0.105,0.045,0.055,0.035
0.745,0.690,0.215,0.015,0.000,0.130,0.195,0.215,0.020
0.375,0.045,0.520,0.435,0.000,0.015
0.910,0.840,0.195,0.005,0.000,0.065,0.020,0.075,0.025
0.390,0.045,0.470,0.315,0.020,0.085
0.750,0.835,0.410,0.025,0.000,0.190,0.045,0.040,0.000
0.580,0.775,0.210,0.000,0.020,0.155,0.085,0.150,0.010
0.715,0.725,0.485,0.045,0.005,0.105,0.010,0.065,0.045
0.145,0.245,0.155,0.365,0.000,0.045
0.415,0.140,0.555,0.480,0.015,0.025
0.305,0.060,0.455,0.380,0.000,0.015
0.835,0.770,0.225,0.010,0.000,0.065,0.010,0.145,0.030
0.495,0.180,0.540,0.385,0.000,0.015
0.590,0.720,0.635,0.020,0.000,0.150,0.075,0.115,0.015
0.380,0.180,0.540,0.475,0.000,0.020
0.775,0.850,0.230,0.015,0.010,0.145,0.060,0.090,0.025
0.430,0.215,0.495,0.360,0.005,0.050
0.790,0.880,0.220,0.010,0.005,0.035,0.025,0.075,0.010
0.575,0.970,0.040,0.005,0.000,0.005,0.000,0.020,0.005
0.165,0.135,0.935,0.005,0.000,0.015,0.020,0.010,0.000
0.815,0.780,0.170,0.005,0.000,0.115,0.065,0.090,0.025
0.365,0.045,0.590,0.455,0.010,0.025
0.780,0.780,0.145,0.005,0.000,0.090,0.035,0.090,0.005
0.850,0.760,0.235,0.000,0.000,0.065,0.055,0.095,0.030
0.790,0.785,0.210,0.010,0.005,0.115,0.065,0.125,0.015
0.380,0.060,0.585,0.440,0.005,0.035
0.810,0.545,0.445,0.070,0.000,0.115,0.035,0.110,0.055
0.335,0.875,0.055,0.005,0.000,0.015,0.005,0.010,0.035
0.810,0.610,0.445,0.040,0.000,0.125,0.040,0.125,0.035
0.170,0.110,0.950,0.000,0.000,0.010,0.015,0.000,0.005
0.630,0.520,0.620,0.040,0.015,0.110,0.065,0.100,0.040
0.390,0.160,0.560,0.480,0.005,0.030
0.805,0.825,0.170,0.005,0.000,0.115,0.025,0.075,0.015
0.800,0.800,0.290,0.010,0.000,0.130,0.035,0.080,0.025
0.385,0.155,0.475,0.520,0.000,0.010
0.700,0.205,0.715,0.235,0.035,0.145
0.820,0.615,0.465,0.040,0.000,0.115,0.045,0.115,0.035
0.290,0.290,0.990,0.030,0.005,0.005,0.205,0.105,0.010
0.350,0.225,0.390,0.505,0.000,0.010
0.170,0.170,0.900,0.020,0.010,0.125,0.075,0.020,0.005
0.870,0.790,0.210,0.010,0.015,0.120,0.100,0.120,0.025
0.810,0.715,0.440,0.020,0.000,0.095,0.030,0.135,0.025
0.765,0.615,0.435,0.040,0.010,0.110,0.030,0.140,0.040
0.795,0.815,0.165,0.005,0.000,0.110,0.030,0.065,0.020
0.755,0.590,0.470,0.120,0.020,0.205,0.035,0.160,0.065
0.800,0.840,0.185,0.015,0.000,0.115,0.020,0.060,0.030
0.415,0.125,0.425,0.395,0.005,0.055
0.905,0.720,0.290,0.005,0.000,0.125,0.090,0.115,0.015
0.590,0.225,0.450,0.375,0.000,0.050
0.175,0.185,0.145,0.375,0.015,0.070
0.700,0.725,0.385,0.025,0.000,0.130,0.020,0.115,0.010
0.830,0.855,0.210,0.010,0.005,0.070,0.015,0.080,0.010
0.390,0.140,0.465,0.475,0.010,0.020
0.890,0.835,0.255,0.000,0.000,0.115,0.005,0.025,0.010
0.880,0.835,0.255,0.005,0.000,0.040,0.020,0.025,0.020
0.700,0.820,0.220,0.005,0.000,0.085,0.095,0.100,0.015
0.330,0.180,0.395,0.490,0.000,0.020
0.370,0.180,0.550,0.445,0.000,0.020
0.860,0.785,0.230,0.005,0.000,0.125,0.080,0.095,0.020
0.105,0.175,0.160,0.090,0.015,0.050
0.380,0.045,0.645,0.470,0.000,0.020
0.170,0.170,0.900,0.020,0.010,0.125,0.075,0.020,0.005
0.280,0.270,0.990,0.030,0.005,0.005,0.200,0.100,0.015
0.810,0.750,0.195,0.070,0.100,0.110,0.070,0.095,0.025
0.350,0.180,0.480,0.465,0.000,0.020
0.605,0.880,0.285,0.005,0.000,0.090,0.010,0.040,0.015
0.375,0.030,0.600,0.425,0.000,0.025
0.155,0.325,0.300,0.145,0.020,0.050
0.440,0.070,0.470,0.420,0.000,0.045
0.130,0.225,0.345,0.285,0.040,0.035
0.195,0.125,0.980,0.005,0.000,0.005,0.015,0.015,0.000
0.160,0.100,0.965,0.015,0.000,0.015,0.065,0.010,0.005
0.735,0.795,0.405,0.060,0.000,0.145,0.055,0.170,0.030
0.875,0.785,0.245,0.005,0.010,0.170,0.100,0.075,0.020
0.545,0.875,0.065,0.000,0.000,0.035,0.020,0.015,0.045
0.490,0.040,0.435,0.490,0.000,0.015
0.355,0.175,0.470,0.440,0.000,0.025
0.730,0.965,0.095,0.015,0.000,0.035,0.015,0.055,0.020
0.705,0.735,0.400,0.045,0.000,0.115,0.040,0.080,0.065
0.805,0.825,0.170,0.005,0.000,0.115,0.025,0.075,0.015
0.745,0.790,0.390,0.045,0.000,0.180,0.070,0.080,0.010
0.170,0.170,0.900,0.020,0.010,0.125,0.075,0.020,0.005
0.180,0.295,0.220,0.075,0.035,0.065,0.525,0.920,0.045
0.165,0.175,0.985,0.005,0.000,0.010,0.050,0.020,0.000
0.840,0.685,0.345,0.000,0.015,0.155,0.040,0.050,0.070
0.210,0.130,0.985,0.005,0.000,0.020,0.020,0.010,0.005
0.390,0.950,0.060,0.005,0.000,0.015,0.005,0.010,0.035
0.840,0.565,0.395,0.045,0.000,0.135,0.030,0.115,0.030
0.830,0.720,0.150,0.010,0.010,0.150,0.010,0.100,0.015
0.335,0.185,0.460,0.470,0.005,0.030
0.865,0.735,0.240,0.000,0.000,0.045,0.060,0.060,0.070
0.280,0.790,0.050,0.005,0.000,0.020,0.005,0.010,0.035
0.890,0.815,0.225,0.000,0.000,0.135,0.095,0.110,0.020
0.160,0.295,0.220,0.370,0.000,0.030
0.400,0.180,0.455,0.390,0.000,0.010
0.825,0.825,0.265,0.015,0.000,0.065,0.015,0.040,0.030
0.400,0.025,0.680,0.435,0.000,0.010
0.920,0.735,0.215,0.000,0.005,0.080,0.025,0.015,0.065
0.745,0.855,0.285,0.010,0.000,0.070,0.035,0.010,0.020
0.425,0.060,0.620,0.400,0.000,0.020
0.520,0.180,0.350,0.440,0.015,0.015
0.390,0.055,0.450,0.380,0.000,0.015
0.860,0.560,0.400,0.050,0.000,0.140,0.025,0.120,0.045
0.505,0.890,0.350,0.025,0.005,0.075,0.015,0.060,0.020
0.745,0.565,0.440,0.065,0.005,0.160,0.035,0.190,0.015
0.725,0.620,0.405,0.040,0.005,0.105,0.040,0.155,0.050
0.795,0.815,0.165,0.005,0.000,0.110,0.030,0.065,0.020
0.520,0.205,0.495,0.395,0.005,0.015
0.880,0.795,0.200,0.000,0.000,0.055,0.005,0.025,0.045
0.810,0.610,0.445,0.040,0.000,0.125,0.040,0.125,0.035
0.400,0.045,0.550,0.450,0.005,0.045
0.815,0.820,0.225,0.000,0.010,0.160,0.105,0.120,0.035
0.560,0.195,0.435,0.455,0.005,0.020
0.635,0.750,0.365,0.085,0.000,0.190,0.060,0.085,0.025
0.230,0.135,0.985,0.005,0.000,0.015,0.020,0.015,0.005
0.375,0.175,0.370,0.495,0.005,0.025
0.740,0.790,0.540,0.035,0.000,0.090,0.010,0.005,0.005
0.735,0.720,0.630,0.020,0.000,0.125,0.040,0.105,0.015
0.565,0.050,0.570,0.365,0.005,0.030
0.830,0.825,0.255,0.005,0.015,0.120,0.070,0.060,0.050
0.780,0.835,0.175,0.005,0.000,0.105,0.035,0.070,0.010
0.435,0.190,0.470,0.355,0.005,0.040
0.800,0.595,0.400,0.045,0.000,0.115,0.040,0.125,0.025
0.770,0.735,0.250,0.015,0.010,0.180,0.020,0.070,0.045
0.820,0.780,0.320,0.000,0.000,0.070,0.035,0.040,0.050
0.780,0.835,0.175,0.005,0.000,0.105,0.035,0.070,0.010
0.160,0.240,0.235,0.395,0.005,0.035
0.220,0.145,0.975,0.005,0.000,0.010,0.020,0.020,0.000
0.815,0.760,0.210,0.010,0.000,0.140,0.070,0.140,0.015
0.595,0.040,0.430,0.390,0.010,0.015
0.635,0.865,0.225,0.005,0.000,0.105,0.040,0.095,0.015
0.365,0.935,0.050,0.010,0.000,0.015,0.010,0.020,0.025
0.765,0.710,0.195,0.000,0.000,0.070,0.030,0.040,0.050
0.675,0.155,0.435,0.385,0.000,0.090
0.885,0.790,0.260,0.005,0.000,0.110,0.055,0.080,0.065
0.860,0.785,0.225,0.000,0.000,0.120,0.085,0.090,0.030
0.185,0.220,0.985,0.040,0.005,0.025,0.005,0.015,0.005
0.770,0.665,0.405,0.015,0.020,0.105,0.040,0.175,0.030
0.640,0.920,0.075,0.010,0.000,0.010,0.015,0.035,0.010
0.705,0.830,0.340,0.025,0.010,0.155,0.020,0.070,0.000
0.285,0.040,0.550,0.420,0.000,0.045
0.315,0.925,0.060,0.000,0.000,0.020,0.005,0.005,0.035
0.655,0.685,0.335,0.000,0.010,0.155,0.060,0.125,0.035
0.280,0.055,0.815,0.340,0.000,0.065
0.365,0.040,0.650,0.460,0.000,0.025
0.770,0.570,0.400,0.025,0.000,0.105,0.035,0.135,0.045
0.075,0.215,0.110,0.145,0.005,0.040
0.835,0.740,0.215,0.005,0.000,0.060,0.010,0.040,0.035
0.115,0.245,0.170,0.405,0.000,0.030
0.395,0.180,0.535,0.510,0.000,0.025
0.785,0.800,0.340,0.010,0.005,0.190,0.010,0.075,0.005
0.815,0.800,0.205,0.005,0.000,0.160,0.080,0.090,0.025
0.855,0.840,0.220,0.005,0.005,0.070,0.045,0.045,0.035
0.770,0.740,0.210,0.010,0.010,0.225,0.100,0.140,0.015
0.220,0.150,0.980,0.010,0.000,0.020,0.035,0.015,0.000
0.885,0.810,0.170,0.005,0.000,0.045,0.035,0.105,0.025
0.700,0.755,0.510,0.035,0.000,0.220,0.020,0.055,0.010
0.785,0.765,0.365,0.000,0.005,0.095,0.075,0.070,0.035
0.655,0.080,0.415,0.110,0.025,0.050
0.850,0.775,0.165,0.005,0.000,0.110,0.090,0.125,0.020
0.775,0.770,0.530,0.070,0.000,0.190,0.030,0.130,0.030
0.805,0.665,0.450,0.040,0.000,0.125,0.050,0.125,0.030
0.455,0.055,0.490,0.410,0.000,0.015
0.345,0.035,0.685,0.490,0.000,0.025
0.360,0.045,0.590,0.490,0.010,0.025
0.150,0.315,0.245,0.425,0.000,0.060
0.825,0.795,0.235,0.005,0.000,0.100,0.035,0.075,0.030
0.810,0.610,0.445,0.040,0.000,0.125,0.040,0.125,0.035
0.845,0.550,0.370,0.030,0.010,0.140,0.030,0.140,0.025
0.720,0.810,0.245,0.010,0.005,0.030,0.050,0.015,0.030
0.855,0.745,0.195,0.010,0.000,0.165,0.075,0.100,0.005
0.805,0.835,0.240,0.005,0.000,0.145,0.055,0.060,0.010
0.505,0.135,0.440,0.505,0.000,0.030
0.275,0.250,0.980,0.035,0.005,0.010,0.190,0.100,0.025
0.495,0.055,0.480,0.435,0.010,0.045
0.380,0.175,0.495,0.460,0.000,0.015
0.810,0.735,0.185,0.005,0.000,0.090,0.080,0.110,0.025
0.510,0.145,0.530,0.480,0.000,0.035
0.850,0.790,0.220,0.000,0.005,0.145,0.100,0.095,0.010
0.865,0.765,0.200,0.000,0.000,0.075,0.070,0.070,0.040
0.765,0.820,0.180,0.005,0.000,0.115,0.020,0.065,0.010
0.110,0.220,0.135,0.430,0.000,0.035
0.520,0.185,0.415,0.510,0.015,0.035
0.780,0.780,0.205,0.005,0.000,0.090,0.075,0.130,0.025
0.420,0.055,0.670,0.200,0.000,0.085
0.230,0.175,0.955,0.000,0.000,0.025,0.025,0.025,0.020
0.350,0.180,0.480,0.415,0.005,0.025
0.450,0.210,0.530,0.400,0.000,0.015
0.775,0.810,0.205,0.005,0.000,0.095,0.035,0.075,0.015
0.640,0.785,0.200,0.010,0.000,0.120,0.120,0.120,0.015
0.855,0.755,0.265,0.015,0.000,0.060,0.020,0.035,0.020
0.820,0.585,0.590,0.060,0.000,0.190,0.035,0.075,0.040
0.780,0.765,0.310,0.005,0.000,0.110,0.095,0.095,0.035
0.720,0.720,0.420,0.065,0.005,0.120,0.045,0.130,0.010
0.885,0.760,0.275,0.000,0.000,0.070,0.065,0.050,0.055
0.670,0.980,0.095,0.030,0.000,0.010,0.005,0.020,0.015
0.140,0.170,0.135,0.385,0.000,0.055
0.870,0.775,0.250,0.000,0.000,0.110,0.065,0.090,0.030
0.525,0.130,0.395,0.645,0.000,0.020
0.415,0.175,0.640,0.395,0.000,0.045
0.445,0.160,0.550,0.495,0.010,0.030
0.480,0.025,0.490,0.490,0.005,0.020
0.840,0.710,0.240,0.020,0.015,0.270,0.030,0.030,0.010
0.400,0.040,0.615,0.460,0.010,0.035
0.715,0.790,0.150,0.010,0.000,0.090,0.050,0.085,0.015
0.795,0.835,0.300,0.030,0.045,0.130,0.055,0.100,0.050
0.825,0.740,0.205,0.055,0.005,0.115,0.045,0.055,0.030
0.830,0.720,0.390,0.090,0.000,0.205,0.040,0.175,0.020
0.330,0.210,0.640,0.475,0.015,0.035
0.165,0.140,0.945,0.010,0.000,0.015,0.015,0.010,0.005
0.850,0.765,0.195,0.000,0.000,0.135,0.025,0.060,0.010
0.390,0.070,0.420,0.435,0.020,0.025
0.855,0.765,0.235,0.000,0.005,0.160,0.070,0.060,0.010
0.780,0.825,0.275,0.025,0.010,0.115,0.030,0.105,0.025
0.790,0.880,0.220,0.010,0.005,0.035,0.025,0.075,0.010
0.840,0.800,0.180,0.000,0.000,0.155,0.105,0.150,0.030
0.415,0.070,0.795,0.445,0.005,0.010
0.545,0.145,0.440,0.495,0.020,0.045
0.165,0.140,0.945,0.010,0.000,0.015,0.015,0.010,0.005
0.160,0.245,0.965,0.020,0.010,0.065,0.075,0.045,0.015
0.805,0.810,0.170,0.010,0.000,0.115,0.025,0.075,0.015
0.290,0.285,0.990,0.030,0.005,0.005,0.195,0.110,0.015
0.330,0.215,0.525,0.445,0.005,0.015
0.360,0.190,0.525,0.475,0.000,0.045
0.355,0.955,0.030,0.005,0.005,0.005,0.010,0.000,0.005
0.800,0.580,0.400,0.040,0.000,0.110,0.035,0.120,0.035
0.400,0.035,0.640,0.450,0.000,0.030
0.880,0.845,0.285,0.000,0.005,0.115,0.035,0.140,0.045
0.615,0.970,0.085,0.010,0.000,0.005,0.010,0.015,0.010
0.585,0.935,0.075,0.010,0.005,0.020,0.005,0.005,0.000
0.785,0.785,0.385,0.040,0.005,0.200,0.015,0.045,0.035
0.800,0.605,0.395,0.040,0.000,0.120,0.035,0.135,0.025
0.785,0.775,0.315,0.030,0.000,0.220,0.020,0.060,0.015
0.440,0.030,0.495,0.505,0.005,0.020
0.475,0.050,0.380,0.470,0.005,0.030
0.465,0.245,0.510,0.500,0.000,0.015
0.795,0.815,0.335,0.050,0.000,0.055,0.050,0.065,0.015
0.190,0.360,0.230,0.375,0.000,0.075
0.735,0.765,0.270,0.055,0.000,0.040,0.035,0.015,0.030
0.315,0.855,0.075,0.020,0.005,0.015,0.080,0.070,0.005
0.790,0.715,0.375,0.010,0.000,0.210,0.020,0.105,0.010
0.815,0.855,0.285,0.010,0.000,0.115,0.035,0.055,0.055
0.875,0.835,0.270,0.010,0.000,0.125,0.065,0.070,0.025
0.450,0.060,0.690,0.380,0.000,0.045
0.785,0.830,0.460,0.030,0.005,0.205,0.035,0.095,0.020
0.520,0.115,0.535,0.460,0.010,0.015
0.835,0.735,0.250,0.005,0.005,0.065,0.015,0.070,0.035
0.860,0.670,0.415,0.030,0.000,0.105,0.050,0.175,0.025
0.190,0.250,0.985,0.020,0.010,0.065,0.035,0.050,0.005
0.450,0.165,0.460,0.425,0.005,0.015
0.770,0.825,0.180,0.005,0.000,0.115,0.025,0.060,0.010
0.870,0.765,0.250,0.005,0.005,0.140,0.055,0.065,0.050
0.650,0.920,0.040,0.000,0.000,0.015,0.055,0.010,0.000
0.165,0.140,0.955,0.005,0.000,0.010,0.060,0.010,0.000
0.825,0.755,0.190,0.015,0.000,0.120,0.065,0.125,0.025
0.880,0.740,0.225,0.005,0.005,0.110,0.120,0.115,0.030
0.700,0.675,0.490,0.035,0.005,0.140,0.040,0.125,0.020
0.265,0.245,0.965,0.025,0.005,0.010,0.185,0.095,0.020
0.810,0.705,0.425,0.015,0.000,0.115,0.015,0.050,0.015
0.865,0.745,0.240,0.000,0.000,0.055,0.065,0.055,0.065
0.630,0.150,0.440,0.380,0.060,0.065
0.855,0.810,0.275,0.000,0.000,0.055,0.065,0.055,0.015
0.165,0.140,0.945,0.010,0.000,0.015,0.015,0.010,0.005
0.730,0.795,0.460,0.020,0.010,0.235,0.030,0.060,0.025
0.850,0.755,0.235,0.000,0.005,0.065,0.080,0.100,0.085
0.775,0.730,0.460,0.040,0.045,0.170,0.050,0.240,0.015
0.430,0.030,0.445,0.500,0.000,0.025
0.450,0.155,0.510,0.350,0.000,0.035
0.910,0.800,0.155,0.010,0.000,0.175,0.035,0.055,0.015
0.790,0.830,0.180,0.005,0.000,0.110,0.025,0.075,0.005
0.785,0.815,0.170,0.005,0.000,0.105,0.020,0.065,0.005
0.395,0.205,0.705,0.295,0.000,0.140
0.175,0.115,0.955,0.005,0.000,0.010,0.015,0.010,0.005
0.815,0.695,0.160,0.000,0.005,0.115,0.030,0.130,0.010
0.815,0.605,0.445,0.035,0.000,0.125,0.040,0.125,0.040
0.875,0.895,0.210,0.000,0.005,0.065,0.030,0.055,0.045
0.560,0.985,0.095,0.010,0.015,0.010,0.010,0.020,0.020
0.820,0.745,0.240,0.000,0.000,0.130,0.060,0.075,0.025
0.455,0.020,0.510,0.500,0.005,0.025
0.790,0.625,0.445,0.040,0.025,0.115,0.045,0.120,0.035
0.730,0.655,0.590,0.060,0.000,0.165,0.065,0.155,0.015
0.200,0.125,0.980,0.005,0.000,0.005,0.015,0.015,0.010
0.770,0.725,0.350,0.015,0.000,0.210,0.020,0.095,0.000
0.135,0.190,0.130,0.365,0.000,0.035
0.735,0.740,0.200,0.000,0.000,0.205,0.045,0.050,0.120
0.395,0.180,0.435,0.500,0.000,0.025
0.445,0.185,0.460,0.325,0.000,0.055
0.450,0.080,0.650,0.455,0.010,0.050
0.855,0.770,0.245,0.000,0.000,0.120,0.055,0.140,0.020
0.510,0.040,0.645,0.380,0.000,0.020
0.845,0.790,0.265,0.000,0.005,0.120,0.090,0.085,0.040
0.830,0.785,0.265,0.000,0.000,0.035,0.025,0.030,0.025
0.825,0.785,0.170,0.005,0.000,0.060,0.030,0.070,0.015
0.805,0.825,0.165,0.005,0.000,0.115,0.025,0.070,0.010
0.440,0.090,0.285,0.410,0.020,0.110
0.400,0.025,0.645,0.500,0.000,0.040
0.810,0.635,0.410,0.035,0.000,0.125,0.030,0.120,0.025
0.900,0.735,0.220,0.005,0.000,0.055,0.010,0.040,0.010
0.800,0.585,0.435,0.035,0.000,0.105,0.040,0.105,0.030
0.375,0.060,0.450,0.320,0.000,0.015
0.345,0.170,0.585,0.480,0.005,0.020
0.500,0.215,0.375,0.425,0.000,0.070
0.800,0.780,0.325,0.025,0.000,0.230,0.010,0.120,0.035
0.785,0.800,0.365,0.015,0.000,0.230,0.020,0.080,0.000
0.870,0.630,0.230,0.000,0.000,0.045,0.035,0.070,0.055
0.365,0.170,0.435,0.395,0.000,0.030
0.805,0.800,0.225,0.005,0.000,0.105,0.040,0.100,0.020
0.725,0.655,0.450,0.070,0.000,0.145,0.030,0.105,0.075
0.365,0.230,0.410,0.480,0.005,0.020
0.815,0.630,0.435,0.035,0.000,0.130,0.035,0.125,0.025
0.420,0.240,0.460,0.395,0.015,0.030
0.795,0.630,0.435,0.050,0.005,0.120,0.030,0.100,0.045
0.840,0.695,0.215,0.010,0.000,0.090,0.035,0.095,0.000
0.765,0.740,0.210,0.005,0.000,0.095,0.075,0.100,0.020
0.870,0.745,0.200,0.000,0.000,0.085,0.060,0.140,0.020
0.365,0.165,0.435,0.480,0.005,0.030
0.480,0.170,0.485,0.575,0.000,0.025
0.630,0.625,0.450,0.040,0.005,0.105,0.065,0.135,0.015
0.740,0.795,0.375,0.035,0.000,0.205,0.035,0.130,0.000
0.200,0.135,0.985,0.000,0.000,0.015,0.020,0.005,0.005
0.770,0.675,0.255,0.000,0.010,0.180,0.070,0.060,0.065
0.665,0.180,0.465,0.610,0.000,0.030
0.530,0.175,0.555,0.610,0.000,0.065
0.710,0.780,0.315,0.005,0.000,0.145,0.035,0.080,0.010
0.785,0.750,0.195,0.000,0.000,0.105,0.070,0.095,0.015
0.795,0.820,0.215,0.050,0.010,0.055,0.010,0.105,0.020
0.780,0.745,0.205,0.000,0.000,0.100,0.065,0.135,0.020
0.710,0.845,0.165,0.010,0.010,0.090,0.030,0.055,0.005
0.485,0.975,0.045,0.000,0.025,0.015,0.010,0.025,0.005
0.815,0.685,0.210,0.005,0.000,0.155,0.080,0.105,0.020
0.825,0.735,0.400,0.020,0.000,0.195,0.035,0.115,0.010
0.885,0.790,0.245,0.000,0.000,0.065,0.005,0.020,0.055
0.875,0.810,0.250,0.000,0.005,0.140,0.065,0.085,0.020
0.850,0.800,0.270,0.000,0.005,0.135,0.075,0.060,0.020
0.825,0.685,0.410,0.105,0.065,0.195,0.020,0.090,0.090
0.360,0.175,0.430,0.465,0.010,0.015
0.880,0.835,0.210,0.010,0.010,0.065,0.025,0.060,0.030
0.870,0.775,0.280,0.000,0.000,0.075,0.090,0.040,0.060
0.505,0.210,0.420,0.385,0.005,0.025
0.815,0.610,0.520,0.010,0.005,0.105,0.055,0.115,0.050
0.790,0.745,0.345,0.020,0.000,0.205,0.015,0.075,0.015
0.255,0.240,0.535,0.480,0.000,0.020
0.860,0.695,0.390,0.030,0.010,0.110,0.045,0.120,0.050
0.835,0.665,0.245,0.000,0.000,0.105,0.050,0.065,0.070
0.840,0.765,0.375,0.015,0.000,0.195,0.020,0.040,0.010
0.800,0.845,0.235,0.005,0.005,0.060,0.035,0.070,0.035
0.825,0.720,0.195,0.000,0.005,0.140,0.045,0.085,0.035
0.875,0.785,0.275,0.000,0.005,0.170,0.035,0.105,0.050
0.460,0.125,0.485,0.505,0.010,0.045
0.660,0.050,0.505,0.340,0.000,0.015
0.300,0.285,0.995,0.035,0.005,0.005,0.190,0.115,0.020
0.760,0.725,0.480,0.015,0.000,0.120,0.045,0.125,0.035
0.145,0.420,0.225,0.455,0.000,0.045
0.720,0.870,0.300,0.025,0.000,0.075,0.015,0.025,0.025
0.890,0.770,0.285,0.005,0.000,0.085,0.025,0.010,0.050
0.765,0.920,0.075,0.040,0.015,0.000,0.040,0.025,0.035
0.620,0.965,0.060,0.005,0.000,0.005,0.015,0.000,0.000
0.815,0.730,0.255,0.000,0.000,0.115,0.070,0.105,0.080
0.840,0.765,0.205,0.005,0.000,0.105,0.085,0.130,0.010
0.910,0.755,0.260,0.005,0.005,0.125,0.035,0.085,0.035
0.545,0.045,0.545,0.410,0.000,0.030
0.830,0.730,0.455,0.050,0.005,0.135,0.050,0.090,0.025
0.775,0.765,0.395,0.015,0.000,0.230,0.015,0.090,0.005
0.365,0.945,0.055,0.005,0.000,0.010,0.015,0.015,0.030
0.480,0.030,0.620,0.385,0.000,0.015
0.400,0.205,0.505,0.600,0.005,0.040
0.780,0.690,0.370,0.020,0.000,0.140,0.025,0.070,0.020
0.710,0.650,0.605,0.050,0.000,0.060,0.040,0.050,0.075
0.435,0.215,0.460,0.475,0.000,0.010
0.545,0.970,0.055,0.015,0.010,0.010,0.010,0.015,0.000
0.175,0.115,0.955,0.005,0.000,0.010,0.015,0.010,0.005
0.830,0.635,0.420,0.025,0.005,0.115,0.035,0.125,0.040
0.855,0.830,0.250,0.005,0.000,0.055,0.005,0.035,0.010
0.820,0.805,0.230,0.005,0.000,0.100,0.035,0.070,0.035
0.315,0.855,0.075,0.020,0.005,0.015,0.080,0.070,0.005
0.900,0.660,0.225,0.015,0.000,0.180,0.110,0.090,0.015
0.685,0.665,0.385,0.025,0.005,0.140,0.020,0.080,0.015
0.740,0.575,0.410,0.045,0.010,0.155,0.025,0.145,0.030
0.365,0.035,0.600,0.400,0.000,0.030
0.565,0.135,0.465,0.430,0.000,0.030
0.870,0.755,0.220,0.005,0.000,0.070,0.020,0.035,0.025
0.405,0.185,0.435,0.445,0.000,0.030
0.150,0.115,0.925,0.005,0.000,0.010,0.005,0.005,0.005
0.080,0.320,0.195,0.415,0.000,0.040
0.655,0.900,0.040,0.005,0.000,0.025,0.000,0.015,0.010
0.805,0.620,0.490,0.085,0.005,0.145,0.035,0.095,0.020
0.780,0.835,0.170,0.005,0.000,0.105,0.035,0.070,0.010
0.810,0.630,0.405,0.035,0.000,0.050,0.010,0.060,0.025
0.145,0.220,0.220,0.490,0.005,0.080
0.215,0.350,0.230,0.420,0.000,0.095
0.470,0.150,0.445,0.525,0.010,0.015
0.750,0.740,0.165,0.005,0.000,0.105,0.030,0.065,0.010
0.375,0.935,0.050,0.005,0.000,0.020,0.005,0.010,0.035
0.880,0.725,0.240,0.025,0.000,0.065,0.015,0.055,0.055
0.425,0.175,0.500,0.420,0.005,0.030
0.875,0.660,0.275,0.000,0.000,0.060,0.015,0.020,0.080
0.775,0.740,0.385,0.010,0.000,0.220,0.030,0.105,0.005
0.780,0.780,0.205,0.005,0.000,0.090,0.075,0.130,0.025
0.150,0.275,0.235,0.510,0.015,0.015
0.830,0.775,0.225,0.000,0.000,0.150,0.100,0.095,0.035
0.755,0.635,0.400,0.045,0.010,0.130,0.030,0.115,0.015
0.900,0.725,0.280,0.005,0.000,0.115,0.050,0.095,0.040
0.485,0.195,0.455,0.260,0.005,0.045
0.445,0.190,0.515,0.415,0.000,0.065
0.235,0.215,0.945,0.030,0.005,0.130,0.085,0.010,0.000
0.800,0.815,0.165,0.005,0.000,0.110,0.020,0.060,0.010
0.440,0.175,0.640,0.455,0.010,0.020
0.390,0.190,0.530,0.490,0.005,0.030
0.650,0.675,0.530,0.040,0.005,0.130,0.085,0.145,0.035
0.780,0.720,0.385,0.020,0.000,0.195,0.020,0.080,0.010
0.870,0.760,0.255,0.005,0.000,0.125,0.050,0.070,0.040
0.510,0.055,0.475,0.390,0.000,0.035
0.360,0.150,0.495,0.445,0.005,0.020
0.765,0.805,0.195,0.000,0.000,0.095,0.010,0.035,0.030
0.800,0.780,0.345,0.020,0.000,0.220,0.015,0.065,0.000
0.820,0.660,0.405,0.035,0.015,0.115,0.050,0.170,0.015
0.420,0.045,0.355,0.480,0.020,0.105
0.075,0.290,0.115,0.330,0.055,0.025
0.375,0.095,0.615,0.425,0.000,0.040
0.770,0.860,0.270,0.050,0.015,0.155,0.070,0.100,0.020
0.855,0.705,0.210,0.005,0.000,0.130,0.085,0.095,0.025
0.360,0.210,0.360,0.425,0.010,0.015
0.805,0.765,0.205,0.000,0.000,0.135,0.085,0.130,0.020
0.735,0.790,0.245,0.025,0.015,0.170,0.075,0.080,0.005
0.140,0.195,0.185,0.435,0.000,0.050
0.210,0.135,0.985,0.005,0.000,0.020,0.020,0.010,0.015
0.165,0.120,0.950,0.000,0.000,0.010,0.015,0.000,0.000
0.835,0.760,0.275,0.000,0.000,0.165,0.065,0.105,0.035
0.820,0.745,0.245,0.015,0.000,0.150,0.110,0.220,0.050
0.860,0.645,0.255,0.005,0.005,0.125,0.090,0.095,0.030
0.855,0.800,0.210,0.005,0.000,0.070,0.025,0.030,0.035
0.815,0.660,0.370,0.010,0.005,0.205,0.030,0.115,0.005
0.410,0.235,0.510,0.295,0.010,0.030
0.870,0.775,0.250,0.000,0.000,0.110,0.065,0.090,0.030
0.800,0.840,0.270,0.000,0.000,0.110,0.040,0.095,0.015
0.385,0.230,0.420,0.485,0.000,0.035
0.890,0.785,0.260,0.020,0.005,0.145,0.105,0.190,0.025
0.505,0.075,0.540,0.295,0.000,0.025
0.720,0.835,0.430,0.025,0.000,0.210,0.030,0.070,0.000
0.825,0.765,0.280,0.010,0.000,0.110,0.070,0.090,0.025
0.860,0.780,0.230,0.005,0.000,0.080,0.025,0.025,0.040
0.730,0.660,0.395,0.040,0.005,0.120,0.040,0.110,0.020
0.205,0.140,0.980,0.005,0.000,0.015,0.020,0.010,0.000
0.790,0.815,0.190,0.005,0.000,0.110,0.030,0.075,0.010
