v1,v2,v3,v4,v5,v6,v7
0.000,0.000,0.025,0.000,0.000,0.000,0.000,0.000,0.000
0.885,0.000,0.115,0.005,0.000,0.000
0.110,0.055,0.265,0.010,0.000,0.020,0.005,0.020,0.000
0.235,0.005,0.030,0.005,0.000,0.000
0.825,0.000,0.000,0.010,0.010,0.000
0.000,0.000,0.000,0.000,0.000,0.000,0.000,0.000,0.000
0.005,0.240,0.000,0.010,0.000,0.000
0.160,0.030,0.015,0.040,0.000,0.025,0.000,0.005,0.000
0.020,0.550,0.000,0.000,0.000,0.000,0.000,0.000,0.000
0.330,0.000,0.045,0.000,0.000,0.020
0.005,0.220,0.005,0.000,0.000,0.000
0.365,0.135,0.050,0.000,0.000,0.090,0.000,0.000,0.000
0.265,0.000,0.000,0.000,0.000,0.000
0.000,0.030,0.000,0.000,0.000,0.000
0.900,0.000,0.040,0.005,0.020,0.000
0.320,0.000,0.000,0.000,0.000,0.000
0.000,0.380,0.000,0.005,0.000,0.000
0.835,0.000,0.015,0.000,0.005,0.000
0.820,0.000,0.060,0.030,0.000,0.000
0.000,0.000,0.000,0.000,0.005,0.010,0.000,0.000,0.000
0.000,0.035,0.000,0.000,0.000,0.000
0.580,0.230,0.035,0.050,0.000,0.065,0.000,0.005,0.005
0.700,0.000,0.030,0.000,0.000,0.025
0.005,0.075,0.000,0.000,0.000,0.000,0.000,0.000,0.000
0.000,0.315,0.000,0.000,0.000,0.000
0.000,0.300,0.005,0.000,0.000,0.005
0.805,0.000,0.030,0.010,0.005,0.000
0.355,0.000,0.010,0.000,0.000,0.000
0.420,0.000,0.045,0.000,0.000,0.000
0.015,0.000,0.330,0.005,0.000,0.000
0.040,0.025,0.035,0.410,0.000,0.020
0.055,0.130,0.095,0.025,0.020,0.035,0.285,0.790,0.000
0.000,0.855,0.055,0.040,0.000,0.015
0.175,0.000,0.000,0.000,0.000,0.000
0.445,0.000,0.005,0.000,0.000,0.000
0.000,0.035,0.000,0.000,0.000,0.000,0.000,0.000,0.000
0.005,0.040,0.000,0.000,0.000,0.000,0.000,0.000,0.000
0.095,0.245,0.120,0.005,0.000,0.030,0.005,0.000,0.005
0.000,0.615,0.000,0.000,0.000,0.000,0.000,0.000,0.000
0.005,0.300,0.005,0.000,0.000,0.005,0.005,0.010,0.000
0.160,0.140,0.875,0.000,0.000,0.030,0.020,0.005,0.010
0.010,0.025,0.865,0.000,0.000,0.000,0.000,0.000,0.000
0.010,0.005,0.000,0.000,0.240,0.000,0.005,0.010,0.000
0.000,0.000,0.000,0.005,0.000,0.005,0.000,0.000,0.000
0.000,0.080,0.000,0.000,0.000,0.000
0.000,0.000,0.000,0.000,0.000,0.000,0.000,0.000,0.000
0.610,0.040,0.010,0.000,0.000,0.005,0.000,0.005,0.000
0.085,0.000,0.000,0.000,0.000,0.000
0.205,0.000,0.020,0.000,0.000,0.000
0.000,0.005,0.000,0.005,0.000,0.030,0.000,0.000,0.000
0.000,0.005,0.000,0.000,0.000,0.000
0.065,0.050,0.065,0.950,0.100,0.020,0.050,0.050,0.005
0.005,0.000,0.305,0.000,0.000,0.000,0.000,0.005,0.000
0.000,0.390,0.010,0.020,0.000,0.005
0.350,0.000,0.000,0.000,0.000,0.000
0.005,0.005,0.000,0.000,0.000,0.000,0.000,0.000,0.000
0.000,0.000,0.000,0.000,0.375,0.000,0.000,0.000,0.000
0.170,0.140,0.855,0.000,0.000,0.040,0.015,0.000,0.005
0.270,0.000,0.000,0.000,0.000,0.000
0.760,0.000,0.000,0.000,0.000,0.000
0.755,0.420,0.010,0.005,0.000,0.010,0.000,0.000,0.005
0.430,0.000,0.200,0.015,0.000,0.015
0.470,0.000,0.005,0.000,0.000,0.000
0.740,0.305,0.080,0.045,0.010,0.075,0.000,0.005,0.000
0.255,0.000,0.070,0.000,0.010,0.000
0.000,0.060,0.000,0.000,0.000,0.000,0.000,0.000,0.000
0.550,0.000,0.000,0.000,0.000,0.000
0.010,0.000,0.085,0.000,0.000,0.000,0.000,0.000,0.000
0.000,0.400,0.100,0.010,0.005,0.000
0.165,0.000,0.000,0.000,0.000,0.000
0.040,0.030,0.945,0.005,0.000,0.005,0.000,0.005,0.005
0.460,0.000,0.025,0.000,0.000,0.015
0.125,0.160,0.030,0.095,0.575,0.095,0.005,0.015,0.000
0.365,0.000,0.000,0.000,0.000,0.000
0.265,0.005,0.000,0.000,0.000,0.000,0.000,0.000,0.000
0.005,0.785,0.025,0.040,0.000,0.000
0.015,0.000,0.855,0.000,0.000,0.000,0.000,0.000,0.000
0.000,0.500,0.000,0.000,0.000,0.000
0.410,0.000,0.090,0.010,0.000,0.005
0.000,0.215,0.005,0.000,0.000,0.000,0.000,0.000,0.005
0.060,0.130,0.215,0.200,0.005,0.065
0.000,0.105,0.000,0.000,0.000,0.000,0.000,0.000,0.000
0.000,0.005,0.000,0.000,0.000,0.000,0.000,0.000,0.000
0.750,0.000,0.000,0.000,0.000,0.000
0.000,0.020,0.000,0.000,0.000,0.000,0.000,0.000,0.000
0.000,0.000,0.000,0.000,0.000,0.000
0.055,0.085,0.960,0.000,0.000,0.030,0.010,0.000,0.000
0.005,0.155,0.005,0.025,0.000,0.000
0.000,0.140,0.010,0.000,0.000,0.000
0.010,0.200,0.000,0.000,0.000,0.000,0.000,0.000,0.000
0.190,0.070,0.955,0.000,0.000,0.020,0.005,0.015,0.000
0.000,0.035,0.000,0.000,0.000,0.000,0.000,0.000,0.000
0.815,0.000,0.010,0.000,0.010,0.000
0.855,0.000,0.055,0.000,0.000,0.005
0.010,0.000,0.295,0.005,0.000,0.000
0.000,0.000,0.035,0.000,0.000,0.000
0.395,0.000,0.035,0.000,0.000,0.005
0.005,0.110,0.000,0.000,0.000,0.000,0.000,0.000,0.000
0.165,0.000,0.000,0.000,0.000,0.000
0.025,0.000,0.000,0.000,0.000,0.000
0.695,0.000,0.000,0.000,0.000,0.000
0.000,0.000,0.025,0.000,0.000,0.000
0.445,0.000,0.070,0.000,0.000,0.005
0.000,0.000,0.075,0.000,0.000,0.000,0.000,0.000,0.000
0.195,0.095,0.900,0.035,0.005,0.060,0.090,0.030,0.010
0.685,0.000,0.000,0.000,0.000,0.000
0.555,0.000,0.030,0.000,0.000,0.000
0.035,0.195,0.025,0.020,0.000,0.015,0.000,0.000,0.000
0.000,0.000,0.000,0.000,0.000,0.000,0.000,0.000,0.000
0.415,0.000,0.005,0.000,0.000,0.000
0.010,0.000,0.245,0.010,0.000,0.000
0.000,0.050,0.000,0.000,0.000,0.000,0.000,0.000,0.000
0.590,0.240,0.005,0.020,0.000,0.000,0.000,0.000,0.000
0.620,0.230,0.000,0.010,0.000,0.000,0.000,0.005,0.005
0.000,0.000,0.015,0.000,0.000,0.000
0.150,0.100,0.820,0.000,0.000,0.050,0.005,0.005,0.005
0.785,0.000,0.015,0.000,0.000,0.000
0.280,0.000,0.000,0.000,0.000,0.000
0.505,0.000,0.020,0.005,0.000,0.000
0.655,0.205,0.000,0.005,0.000,0.000,0.000,0.000,0.005
0.000,0.195,0.005,0.000,0.000,0.000
0.000,0.050,0.005,0.005,0.000,0.000
0.240,0.030,0.020,0.015,0.000,0.045,0.000,0.000,0.000
0.000,0.020,0.000,0.005,0.000,0.000
0.455,0.095,0.000,0.000,0.000,0.010,0.010,0.020,0.000
0.480,0.000,0.000,0.000,0.000,0.000
0.010,0.150,0.000,0.010,0.000,0.005
0.405,0.000,0.005,0.000,0.005,0.000
0.000,0.005,0.000,0.000,0.000,0.060,0.005,0.000,0.005
0.005,0.400,0.000,0.000,0.000,0.000,0.000,0.000,0.000
0.690,0.240,0.080,0.000,0.000,0.155,0.005,0.010,0.000
0.020,0.800,0.010,0.045,0.000,0.000
0.000,0.645,0.015,0.030,0.000,0.000
0.785,0.000,0.015,0.000,0.010,0.000
0.520,0.000,0.000,0.000,0.000,0.000
0.065,0.320,0.005,0.000,0.000,0.000,0.000,0.005,0.000
0.000,0.060,0.000,0.000,0.000,0.000,0.000,0.000,0.000
0.005,0.015,0.000,0.000,0.000,0.000,0.000,0.000,0.000
0.000,0.230,0.000,0.000,0.000,0.000
0.000,0.300,0.030,0.020,0.000,0.000
0.335,0.000,0.000,0.000,0.000,0.000
0.005,0.795,0.020,0.045,0.000,0.000
0.155,0.000,0.000,0.000,0.000,0.000
0.000,0.340,0.025,0.000,0.000,0.000
0.525,0.010,0.055,0.000,0.005,0.030
0.360,0.025,0.005,0.000,0.000,0.000,0.000,0.000,0.000
0.050,0.005,0.000,0.000,0.000,0.000,0.000,0.000,0.000
0.000,0.285,0.000,0.000,0.000,0.000,0.000,0.000,0.000
0.390,0.000,0.000,0.000,0.000,0.000
0.535,0.000,0.005,0.000,0.000,0.000
0.165,0.080,0.840,0.005,0.010,0.030,0.045,0.010,0.005
0.000,0.000,0.005,0.000,0.000,0.005,0.000,0.000,0.000
0.495,0.155,0.025,0.020,0.000,0.050,0.000,0.000,0.000
0.070,0.030,0.000,0.000,0.005,0.000,0.000,0.005,0.145
0.445,0.000,0.005,0.000,0.000,0.000
0.000,0.855,0.055,0.040,0.000,0.015
0.000,0.275,0.000,0.000,0.000,0.000
0.015,0.000,0.000,0.000,0.000,0.000
0.005,0.500,0.010,0.010,0.000,0.000
0.000,0.360,0.010,0.005,0.005,0.000
0.110,0.125,0.800,0.010,0.005,0.020,0.015,0.030,0.005
0.120,0.060,0.290,0.000,0.000,0.025,0.005,0.010,0.000
0.000,0.000,0.000,0.000,0.000,0.000,0.000,0.000,0.000
0.000,0.040,0.005,0.000,0.000,0.000
0.000,0.085,0.000,0.000,0.000,0.000
0.110,0.130,0.800,0.010,0.005,0.020,0.015,0.030,0.005
0.010,0.115,0.000,0.000,0.000,0.000,0.005,0.010,0.000
0.120,0.050,0.350,0.000,0.000,0.020,0.005,0.010,0.000
0.010,0.010,0.000,0.000,0.000,0.060,0.000,0.000,0.000
0.010,0.005,0.000,0.000,0.000,0.015,0.000,0.005,0.000
0.805,0.005,0.005,0.005,0.000,0.000
0.020,0.020,0.005,0.010,0.505,0.005,0.010,0.025,0.000
0.555,0.000,0.195,0.000,0.000,0.005
0.000,0.000,0.000,0.000,0.000,0.000,0.000,0.000,0.165
0.200,0.000,0.000,0.000,0.000,0.000
0.380,0.000,0.000,0.000,0.000,0.000
0.245,0.000,0.100,0.010,0.000,0.010
0.000,0.205,0.015,0.000,0.000,0.000
0.485,0.070,0.005,0.000,0.000,0.005,0.000,0.005,0.000
0.810,0.000,0.005,0.000,0.010,0.000
0.045,0.000,0.000,0.000,0.000,0.000
0.000,0.000,0.000,0.000,0.000,0.000,0.000,0.000,0.105
0.005,0.500,0.010,0.010,0.000,0.000
0.585,0.000,0.130,0.000,0.000,0.000
0.125,0.040,0.000,0.010,0.000,0.000,0.005,0.000,0.235
0.005,0.000,0.000,0.000,0.280,0.000,0.010,0.000,0.000
0.725,0.000,0.005,0.000,0.000,0.000
0.190,0.230,0.855,0.020,0.000,0.050,0.025,0.035,0.030
0.020,0.010,0.270,0.000,0.000,0.015,0.010,0.010,0.005
0.000,0.385,0.090,0.015,0.005,0.000
0.715,0.000,0.115,0.030,0.000,0.000
0.255,0.000,0.000,0.000,0.000,0.000
0.020,0.650,0.000,0.020,0.000,0.005
0.465,0.000,0.000,0.000,0.000,0.000
0.150,0.285,0.220,0.030,0.040,0.065,0.515,0.980,0.010
0.040,1.000,0.005,0.000,0.000,0.000,0.000,0.000,0.000
0.005,0.195,0.005,0.000,0.000,0.000
0.255,0.000,0.000,0.000,0.000,0.000
0.240,0.095,0.805,0.005,0.000,0.055,0.030,0.010,0.000
0.005,0.010,0.000,0.010,0.285,0.000,0.000,0.005,0.000
0.005,0.035,0.000,0.000,0.000,0.000,0.005,0.000,0.000
0.000,0.085,0.000,0.000,0.000,0.000
0.150,0.385,0.025,0.000,0.000,0.000,0.005,0.030,0.000
0.220,0.000,0.000,0.000,0.000,0.000
0.000,0.210,0.005,0.000,0.000,0.005
0.005,0.030,0.015,0.005,0.020,0.010,0.395,0.030,0.000
0.000,0.000,0.200,0.000,0.000,0.000
0.000,0.795,0.030,0.040,0.000,0.000
0.360,0.000,0.000,0.000,0.000,0.000
0.355,0.085,0.000,0.055,0.000,0.015,0.000,0.000,0.000
0.055,0.030,0.960,0.000,0.000,0.000,0.000,0.015,0.000
0.740,0.000,0.005,0.000,0.000,0.000
0.150,0.175,0.040,0.090,0.615,0.090,0.010,0.015,0.005
0.000,0.000,0.000,0.000,0.000,0.000
0.000,0.370,0.045,0.045,0.000,0.000
0.000,0.140,0.010,0.000,0.000,0.000
0.015,0.000,0.000,0.000,0.000,0.000
0.000,0.195,0.010,0.000,0.000,0.000
0.100,0.055,0.335,0.000,0.000,0.025,0.005,0.010,0.005
0.415,0.020,0.000,0.000,0.000,0.005,0.000,0.000,0.000
0.000,0.050,0.005,0.000,0.000,0.000,0.000,0.000,0.000
0.410,0.000,0.025,0.000,0.000,0.000
0.015,0.015,0.015,0.000,0.000,0.000,0.020,0.010,0.245
0.495,0.080,0.005,0.000,0.000,0.005,0.000,0.005,0.000
0.330,0.000,0.000,0.000,0.000,0.000
0.000,0.005,0.000,0.000,0.000,0.000,0.000,0.000,0.000
0.000,0.315,0.005,0.000,0.000,0.000
0.000,0.260,0.015,0.025,0.000,0.000
0.135,0.000,0.000,0.000,0.000,0.000
0.770,0.000,0.010,0.000,0.000,0.000
0.000,0.070,0.015,0.000,0.000,0.000
0.400,0.000,0.040,0.005,0.000,0.000
0.240,0.000,0.000,0.000,0.000,0.000
0.060,0.775,0.045,0.160,0.000,0.005
0.445,0.000,0.000,0.000,0.000,0.000
0.000,0.075,0.000,0.000,0.000,0.000,0.000,0.000,0.000
0.005,0.610,0.000,0.000,0.000,0.000,0.000,0.000,0.000
0.730,0.000,0.005,0.000,0.000,0.000
0.000,0.000,0.000,0.000,0.000,0.000
0.710,0.295,0.025,0.015,0.010,0.040,0.000,0.010,0.005
0.095,0.000,0.000,0.000,0.000,0.000
0.500,0.000,0.000,0.000,0.000,0.000
0.065,0.015,0.000,0.000,0.000,0.010,0.000,0.005,0.000
0.015,0.015,0.000,0.005,0.275,0.015,0.000,0.010,0.005
0.030,0.000,0.200,0.005,0.005,0.005
0.205,0.155,0.190,0.000,0.000,0.020,0.020,0.020,0.005
0.465,0.000,0.000,0.000,0.000,0.000
0.725,0.000,0.000,0.000,0.000,0.000
0.000,0.625,0.000,0.000,0.000,0.005,0.000,0.000,0.000
0.000,0.065,0.000,0.000,0.000,0.000,0.000,0.000,0.000
0.000,0.145,0.000,0.000,0.000,0.000
0.005,0.000,0.000,0.000,0.000,0.000
0.000,0.000,0.000,0.000,0.000,0.000,0.000,0.000,0.000
0.020,0.000,0.000,0.000,0.000,0.000
0.000,0.015,0.000,0.000,0.000,0.000
0.000,0.100,0.000,0.000,0.000,0.000,0.000,0.000,0.000
0.800,0.000,0.005,0.000,0.000,0.000
0.690,0.005,0.175,0.005,0.000,0.015
0.000,0.005,0.000,0.000,0.200,0.000,0.000,0.000,0.000
0.060,0.060,0.015,0.015,0.265,0.010,0.000,0.000,0.000
0.195,0.040,0.025,0.000,0.000,0.000,0.010,0.005,0.265
0.710,0.150,0.025,0.010,0.005,0.020,0.000,0.005,0.010
0.665,0.235,0.035,0.000,0.005,0.015,0.020,0.005,0.025
0.000,0.095,0.000,0.000,0.000,0.000,0.000,0.000,0.000
0.025,0.000,0.000,0.000,0.000,0.000
0.345,0.035,0.350,0.125,0.020,0.080
0.430,0.120,0.005,0.000,0.000,0.005,0.000,0.000,0.005
0.550,0.195,0.045,0.045,0.000,0.045,0.000,0.005,0.000
0.300,0.000,0.005,0.000,0.000,0.000
0.170,0.005,0.000,0.000,0.000,0.000,0.000,0.000,0.005
0.965,0.000,0.075,0.010,0.000,0.005
0.195,0.240,0.190,0.030,0.020,0.070,0.480,0.995,0.000
0.000,0.110,0.000,0.000,0.000,0.000
0.220,0.000,0.000,0.000,0.000,0.000
0.670,0.000,0.000,0.000,0.005,0.000
0.525,0.000,0.000,0.000,0.000,0.000
0.000,0.355,0.025,0.005,0.000,0.000
0.780,0.000,0.005,0.000,0.005,0.000
0.090,0.100,0.235,0.195,0.015,0.050
0.055,0.080,0.170,0.105,0.010,0.005
0.065,0.195,0.040,0.020,0.000,0.035,0.000,0.000,0.000
0.015,0.705,0.000,0.000,0.000,0.000,0.000,0.000,0.000
0.000,0.230,0.000,0.020,0.000,0.000
0.280,0.040,0.065,0.020,0.000,0.060,0.005,0.000,0.005
0.000,0.195,0.000,0.000,0.000,0.000,0.000,0.000,0.000
0.010,0.090,0.000,0.000,0.000,0.000,0.000,0.000,0.000
0.550,0.000,0.000,0.000,0.000,0.000
0.000,0.270,0.000,0.015,0.000,0.000
0.020,0.000,0.000,0.000,0.000,0.000
0.035,0.015,0.975,0.000,0.000,0.000,0.030,0.005,0.000
0.000,0.085,0.000,0.000,0.000,0.000
0.005,0.000,0.005,0.000,0.000,0.000,0.000,0.000,0.080
0.005,0.015,0.045,0.335,0.000,0.000
0.065,0.000,0.000,0.000,0.000,0.000
0.140,0.125,0.840,0.000,0.000,0.040,0.010,0.005,0.005
0.020,0.005,0.135,0.000,0.000,0.000,0.005,0.000,0.000
0.010,0.000,0.290,0.000,0.000,0.000
0.355,0.000,0.040,0.000,0.000,0.020
0.040,0.000,0.610,0.030,0.000,0.005
0.200,0.110,0.225,0.000,0.000,0.020,0.025,0.025,0.000
0.940,0.100,0.025,0.000,0.010,0.000,0.005,0.000,0.000
0.710,0.000,0.005,0.000,0.000,0.000
0.000,0.015,0.000,0.000,0.000,0.000
0.005,0.000,0.000,0.000,0.100,0.000,0.000,0.005,0.000
0.705,0.255,0.050,0.035,0.000,0.060,0.000,0.010,0.000
0.920,0.005,0.260,0.015,0.005,0.005
0.005,0.000,0.000,0.000,0.000,0.000,0.000,0.000,0.000
0.000,0.230,0.000,0.015,0.000,0.000
0.010,0.005,0.020,0.065,0.510,0.015,0.005,0.010,0.005
0.615,0.000,0.050,0.000,0.000,0.005
0.000,0.230,0.005,0.000,0.000,0.000
0.110,0.125,0.800,0.010,0.005,0.020,0.015,0.030,0.005
0.180,0.220,0.080,0.110,0.745,0.100,0.025,0.030,0.000
0.000,0.240,0.005,0.000,0.000,0.000
0.395,0.000,0.005,0.000,0.000,0.000
0.000,0.100,0.000,0.000,0.000,0.000
0.060,0.000,0.005,0.000,0.000,0.000
0.000,0.210,0.040,0.020,0.000,0.000
0.305,0.000,0.075,0.000,0.005,0.000
0.000,0.000,0.000,0.000,0.000,0.005,0.000,0.000,0.000
0.555,0.095,0.000,0.000,0.000,0.000,0.000,0.000,0.000
0.015,0.135,0.010,0.010,0.000,0.010,0.000,0.000,0.000
0.690,0.000,0.000,0.000,0.000,0.000
0.000,0.340,0.000,0.000,0.000,0.000
0.100,0.080,0.200,0.000,0.000,0.025,0.010,0.015,0.010
0.020,0.000,0.255,0.015,0.000,0.000
0.440,0.000,0.100,0.000,0.000,0.020
0.000,0.165,0.000,0.000,0.000,0.000,0.000,0.000,0.000
0.005,0.010,0.010,0.105,0.000,0.000
0.000,0.170,0.000,0.000,0.000,0.000
0.000,0.020,0.000,0.000,0.000,0.000
0.000,0.055,0.000,0.000,0.000,0.000,0.000,0.000,0.000
0.000,0.000,0.210,0.000,0.000,0.005
0.005,0.515,0.000,0.010,0.000,0.000
0.000,0.005,0.005,0.000,0.000,0.000,0.005,0.000,0.155
0.645,0.325,0.000,0.005,0.000,0.005,0.000,0.000,0.000
0.520,0.000,0.000,0.000,0.000,0.000
0.000,0.035,0.090,0.765,0.000,0.025
0.000,0.100,0.000,0.000,0.000,0.000
0.570,0.000,0.005,0.000,0.000,0.000
0.170,0.085,0.855,0.005,0.000,0.030,0.020,0.025,0.005
0.125,0.135,0.005,0.000,0.000,0.000,0.000,0.005,0.255
0.010,0.020,0.910,0.000,0.000,0.005,0.000,0.005,0.000
0.000,0.000,0.000,0.000,0.000,0.000
0.000,0.000,0.010,0.000,0.000,0.000
0.000,0.240,0.010,0.020,0.000,0.000
0.205,0.205,0.140,0.030,0.035,0.030,0.500,0.995,0.000
0.250,0.120,0.850,0.005,0.000,0.030,0.010,0.005,0.015
0.005,0.005,0.525,0.000,0.000,0.000
0.000,0.415,0.000,0.005,0.000,0.000
0.000,0.230,0.000,0.000,0.000,0.000
0.000,0.085,0.000,0.000,0.000,0.000
0.040,0.040,0.005,0.010,0.215,0.010,0.000,0.000,0.000
0.340,0.000,0.130,0.000,0.000,0.000
0.110,0.080,0.255,0.000,0.000,0.015,0.010,0.010,0.000
0.065,0.000,0.000,0.000,0.000,0.000
0.090,0.185,0.075,0.070,0.665,0.085,0.005,0.040,0.000
0.380,0.000,0.000,0.000,0.000,0.000
0.770,0.000,0.000,0.000,0.005,0.000
0.000,0.030,0.000,0.000,0.000,0.000,0.000,0.000,0.000
0.190,0.000,0.000,0.000,0.000,0.000
0.175,0.165,0.840,0.000,0.000,0.050,0.025,0.010,0.005
0.000,0.140,0.025,0.015,0.000,0.000
0.000,0.280,0.005,0.000,0.000,0.000
0.095,0.125,0.125,0.050,0.010,0.105,0.510,0.915,0.000
0.470,0.000,0.000,0.000,0.000,0.000
0.360,0.000,0.000,0.000,0.000,0.000
0.000,0.015,0.000,0.000,0.000,0.000,0.000,0.000,0.000
0.565,0.000,0.000,0.000,0.000,0.000
0.025,0.000,0.000,0.000,0.000,0.000
0.145,0.140,0.150,0.975,0.090,0.030,0.050,0.115,0.025
0.000,0.000,0.075,0.005,0.000,0.000
0.005,0.000,0.000,0.005,0.000,0.030,0.000,0.000,0.000
0.345,0.000,0.000,0.000,0.000,0.000
0.050,0.025,0.730,0.060,0.000,0.025
0.785,0.095,0.010,0.020,0.000,0.005,0.000,0.005,0.020
0.155,0.000,0.000,0.000,0.000,0.000
0.000,0.000,0.000,0.005,0.000,0.045,0.005,0.030,0.000
0.435,0.000,0.000,0.000,0.000,0.000
0.040,0.000,0.000,0.000,0.000,0.000,0.000,0.000,0.005
0.120,0.050,0.495,0.000,0.000,0.020,0.005,0.010,0.005
0.010,0.015,0.015,0.060,0.265,0.010,0.000,0.000,0.000
0.255,0.000,0.000,0.000,0.000,0.000,0.000,0.000,0.000
0.045,0.020,0.010,0.000,0.005,0.000,0.005,0.005,0.170
0.000,0.140,0.000,0.000,0.000,0.000,0.000,0.000,0.000
0.015,0.000,0.000,0.000,0.460,0.000,0.000,0.005,0.000
0.470,0.005,0.000,0.000,0.000,0.000
0.005,0.535,0.035,0.005,0.000,0.000
0.615,0.070,0.020,0.000,0.000,0.000,0.015,0.005,0.010
0.000,0.020,0.000,0.000,0.000,0.000
0.640,0.000,0.010,0.000,0.000,0.000
0.045,0.000,0.000,0.000,0.000,0.000
0.105,0.085,0.580,0.005,0.000,0.030,0.005,0.015,0.005
0.010,0.000,0.210,0.000,0.000,0.000
0.420,0.055,0.280,0.090,0.015,0.890
0.000,0.025,0.000,0.000,0.000,0.000,0.000,0.000,0.000
0.000,0.050,0.000,0.000,0.000,0.000,0.000,0.000,0.000
0.075,0.020,0.005,0.000,0.000,0.000,0.000,0.005,0.000
0.005,0.080,0.000,0.000,0.000,0.000,0.000,0.000,0.000
0.835,0.000,0.025,0.000,0.010,0.000
0.010,0.015,0.005,0.000,0.000,0.000,0.400,0.010,0.000
0.010,0.015,0.000,0.000,0.000,0.015,0.000,0.010,0.000
0.615,0.000,0.000,0.000,0.000,0.000
0.330,0.045,0.030,0.000,0.000,0.020,0.000,0.000,0.000
0.105,0.075,0.355,0.000,0.000,0.025,0.015,0.020,0.000
0.080,0.070,0.030,0.870,0.110,0.000,0.015,0.020,0.020
0.000,0.225,0.000,0.000,0.000,0.000
0.745,0.000,0.005,0.000,0.000,0.000
0.280,0.000,0.000,0.000,0.000,0.000
0.165,0.125,0.795,0.010,0.005,0.020,0.025,0.035,0.000
0.175,0.220,0.125,0.015,0.020,0.030,0.580,0.995,0.000
0.775,0.000,0.000,0.000,0.000,0.000
0.010,0.025,0.000,0.005,0.415,0.000,0.000,0.005,0.005
0.155,0.125,0.830,0.005,0.005,0.045,0.015,0.015,0.025
0.210,0.000,0.000,0.000,0.000,0.000
0.000,0.265,0.010,0.020,0.000,0.000
0.000,0.010,0.000,0.000,0.000,0.000,0.000,0.000,0.000
0.165,0.085,0.765,0.035,0.000,0.035,0.005,0.030,0.005
0.515,0.180,0.000,0.005,0.000,0.005,0.005,0.010,0.000
0.005,0.000,0.270,0.000,0.000,0.000,0.000,0.000,0.000
0.735,0.120,0.000,0.000,0.000,0.005,0.000,0.000,0.000
0.065,0.000,0.055,0.000,0.000,0.005
0.080,0.000,0.000,0.000,0.000,0.000
0.005,0.515,0.000,0.000,0.000,0.000,0.000,0.000,0.000
0.480,0.000,0.015,0.000,0.000,0.000
0.005,0.060,0.005,0.000,0.000,0.000,0.005,0.000,0.000
0.000,0.255,0.000,0.005,0.000,0.000
0.780,0.000,0.000,0.000,0.000,0.000
0.860,0.005,0.180,0.020,0.000,0.015
0.005,0.000,0.000,0.000,0.235,0.000,0.000,0.010,0.000
0.180,0.000,0.000,0.000,0.000,0.000
0.190,0.000,0.000,0.000,0.000,0.000
0.760,0.000,0.080,0.025,0.000,0.000
0.735,0.000,0.000,0.000,0.000,0.000
0.495,0.000,0.050,0.000,0.000,0.020
0.000,0.005,0.000,0.000,0.000,0.065,0.005,0.000,0.005
0.005,0.000,0.250,0.005,0.000,0.000
0.890,0.000,0.005,0.005,0.020,0.005
0.685,0.000,0.000,0.000,0.000,0.000
0.005,0.565,0.000,0.000,0.000,0.000,0.000,0.000,0.000
0.000,0.010,0.000,0.000,0.000,0.000,0.000,0.000,0.000
0.730,0.000,0.020,0.000,0.000,0.000
0.000,0.010,0.000,0.000,0.000,0.000,0.000,0.000,0.000
0.010,0.030,0.010,0.010,0.000,0.040,0.000,0.000,0.000
0.045,0.010,0.000,0.020,0.000,0.020,0.000,0.000,0.000
0.000,0.000,0.000,0.000,0.000,0.000
0.000,0.000,0.000,0.000,0.000,0.000,0.000,0.000,0.000
0.670,0.235,0.000,0.010,0.005,0.010,0.000,0.005,0.000
0.490,0.145,0.010,0.005,0.000,0.000,0.000,0.005,0.005
0.680,0.000,0.015,0.000,0.000,0.000
0.480,0.000,0.015,0.000,0.000,0.000
0.015,0.405,0.000,0.000,0.000,0.000,0.000,0.000,0.000
0.515,0.005,0.005,0.000,0.000,0.000,0.000,0.000,0.000
0.630,0.000,0.000,0.000,0.005,0.000
0.080,0.155,0.120,0.870,0.130,0.030,0.020,0.025,0.005
0.095,0.055,0.205,0.000,0.000,0.020,0.005,0.010,0.010
0.045,0.230,0.000,0.000,0.000,0.000,0.000,0.005,0.000
0.000,0.185,0.000,0.000,0.000,0.000
0.780,0.000,0.010,0.005,0.000,0.000
0.460,0.325,0.005,0.000,0.000,0.010,0.000,0.000,0.005
0.000,0.000,0.000,0.000,0.000,0.000,0.000,0.000,0.000
0.055,0.000,0.000,0.000,0.000,0.000
0.645,0.325,0.000,0.005,0.000,0.005,0.000,0.000,0.000
0.015,0.530,0.000,0.000,0.000,0.000,0.000,0.000,0.000
0.030,0.035,0.905,0.000,0.000,0.010,0.005,0.005,0.000
0.310,0.000,0.005,0.000,0.000,0.000
0.775,0.000,0.000,0.000,0.000,0.000
0.000,0.165,0.000,0.000,0.000,0.000
0.555,0.000,0.000,0.000,0.000,0.000
0.440,0.195,0.005,0.005,0.000,0.010,0.000,0.000,0.005
0.440,0.105,0.000,0.000,0.000,0.005,0.000,0.000,0.005
0.000,0.200,0.005,0.000,0.000,0.000
0.000,0.650,0.000,0.060,0.000,0.000
0.080,0.050,0.840,0.005,0.000,0.000,0.010,0.005,0.000
0.370,0.000,0.025,0.000,0.000,0.000
0.000,0.295,0.005,0.005,0.000,0.000
0.000,0.035,0.015,0.005,0.215,0.005,0.030,0.005,0.000
0.140,0.195,0.120,0.025,0.020,0.055,0.490,0.995,0.000
0.025,0.020,0.015,0.000,0.000,0.000,0.010,0.005,0.275
0.315,0.000,0.040,0.000,0.000,0.010
0.715,0.330,0.040,0.005,0.005,0.135,0.000,0.005,0.000
0.835,0.000,0.010,0.000,0.010,0.000
0.520,0.000,0.000,0.000,0.000,0.000
0.000,0.300,0.005,0.000,0.000,0.000,0.005,0.015,0.000
0.005,0.340,0.000,0.010,0.000,0.000
0.000,0.185,0.000,0.005,0.000,0.000
0.000,0.000,0.005,0.000,0.000,0.000
0.000,0.155,0.020,0.000,0.000,0.005
0.210,0.000,0.000,0.000,0.000,0.000
0.000,0.005,0.000,0.000,0.000,0.000,0.000,0.000,0.000
0.605,0.000,0.010,0.000,0.000,0.000
0.000,0.000,0.000,0.000,0.000,0.000
0.000,0.000,0.000,0.000,0.000,0.000,0.020,0.000,0.000
0.005,0.090,0.000,0.000,0.000,0.000,0.000,0.000,0.000
0.275,0.010,0.000,0.000,0.000,0.000,0.000,0.000,0.000
0.975,0.000,0.065,0.000,0.000,0.005
0.000,0.135,0.000,0.000,0.000,0.000,0.000,0.000,0.000
0.415,0.380,0.045,0.040,0.000,0.035,0.000,0.005,0.010
0.200,0.290,0.210,0.055,0.015,0.100,0.440,0.905,0.005
0.000,0.000,0.000,0.000,0.335,0.000,0.000,0.000,0.000
